69.46
69.46
6673.0
13114.0
68.91
620.25
131.88
34.52
384.75
6005.0
138.8
2484
63.27
77.145
541.5
70.04
17.03
18018.0
172.24
96.35
98.275
98.275
8847.5
1663.0
3243.5
118.96093799999998
118.96093799999998
146.35
98.448
112.405
112.405
1568.8
444.85
131.95
279.0
203.39
28176.0
92.55
99.0
122.15
477.25
420.0
127.275
68.625
7505.0
2055.1
0.052520000000000004
548.0
4488.75
2.135
23345
1305.5
294.25
1989.6
966.2
175.44
475.7
944.75
13.73
3243.6
103.73
1817.9
302.9
103.73
3243.6
99.24
129.25
107.796875
107.796875
129.25
157.84375
134.21
157.84375
111.98
999.0
3739.0
3390.0
28642.0
1989.6
175.44
384.75
18018.0
146.35
1568.8
203.39
1817.9
279.0
34.52
302.9
2.135
294.25
966.2
1305.5
944.75
127.275
63.27
550.0
68.625
