2.99
0.12
0.11
1.57
0.54
-0.56
3.94
0.81
2.72
0.61
-5.85
3.87
3.29
0.05
-1.16
2.96
1.0
-0.33
1.56
2.27
1.11
0.53
2.12
1.88
-1.99
2.29
1.43
0.08
-0.67
1.62
0.91
1.69
-1.17
2.24
1.26
1.56
1.88
0.97
-2.77
2.71
-2.61
0.5
2.78
-1.26
1.24
1.03
1.84
1.58
-0.65
1.9
2.45
2.06
0.8
1.34
1.34
-0.98
-0.18
1.57
-0.12
2.79
1.84
0.9
0.0
-1.59
1.09
1.71
-1.26
1.42
-1.74
0.14
-0.53
-0.49
1.75
1.08
-0.19
2.29
2.76
1.28
0.32
0.95
-0.5
1.53
2.07
0.45
0.09
1.57
1.16
1.82
1.07
1.59
-1.59
0.99
0.28
-0.12
0.46
2.38
1.99
1.82
-1.65
0.76
1.39
1.55
1.68
0.58
1.21
2.87
0.83
2.86
-0.9
1.39
0.21
-0.84
0.24
2.68
0.48
-0.25
0.83
-0.28
2.18
2.39
-0.07
-0.22
-0.57
-0.38
0.83
-0.54
0.97
-1.04
0.09
2.21
-1.32
1.46
2.77
2.01
2.04
0.52
0.71
1.8
1.67
0.38
1.44
0.95
0.22
-0.08
1.33
-0.23
-0.74
-4.03
-2.47
6.5
2.28
-1.66
-2.01
4.44
0.95
0.1
0.59
-2.76
0.97
0.36
0.96
-1.91
1.19
1.04
-1.47
-0.24
2.85
1.97
-0.14
0.37
0.57
0.53
-0.77
1.49
-0.1
0.91
0.1
0.21
-2.85
0.1
0.83
1.21
-0.6
0.38
-0.25
1.1
1.63
0.41
-0.83
0.61
-0.31
0.72
-1.8
-1.97
0.45
-1.28
-0.77
-1.12
-1.81
-0.19
-3.8
2.42
-0.16
-1.34
0.68
0.39
-1.79
1.32
0.06
-0.43
2.28
1.06
-1.3
-1.91
0.64
0.96
-0.79
-1.96
4.7
1.08
2.92
-1.25
-1.95
0.64
0.61
-0.75
1.71
-1.06
0.48
-0.22
1.93
2.21
-1.58
0.78
1.7
0.64
-3.12
-0.84
-1.17
2.0
-2.74
1.91
2.22
-1.8
10.8
-1.39
-0.81
-0.21
3.26
0.24
3.83
0.6
1.2
1.34
0.78
-0.63
0.07
1.68
-2.22
-1.33
0.79
-2.34
5.86
-0.27
1.28
1.87
-0.04
-1.39
-0.56
0.01
0.74
0.76
1.95
1.76
0.09
3.47
-1.69
-2.96
0.21
-2.48
-3.0
0.64
-2.56
2.04
0.79
-2.54
-2.77
4.42
-1.8
0.15
-4.5
2.13
0.59
-1.9
-6.23
-3.2
-6.81
5.25
-1.15
5.01
3.25
2.39
1.5
2.39
2.21
0.7
-1.46
0.49
-3.28
-1.83
1.27
1.61
1.19
-1.56
-0.59
-1.47
0.41
-0.19
-0.85
1.99
-2.46
2.42
0.52
0.89
-0.57
0.17
0.15
1.83
-0.76
-1.08
-1.72
0.71
1.43
0.38
-1.87
-0.92
0.6
-0.42
-0.46
1.69
0.28
0.52
1.59
-1.16
1.08
-0.47
0.51
0.52
-1.22
-1.45
-0.14
-0.51
-0.76
-0.1
1.06
-1.79
-0.96
2.57
-0.91
-1.76
1.33
-0.73
3.01
1.02
0.13
-0.18
0.36
-1.03
-2.49
2.26
-1.37
0.34
-2.26
3.66
-0.39
-2.49
0.82
-2.18
0.45
-1.69
2.08
5.11
3.7
0.06
2.05
1.54
0.51
-1.39
-3.26
-1.33
-1.16
0.57
-1.09
1.64
4.36
-2.71
0.83
3.74
0.24
2.07
-1.8
-2.26
-4.46
2.11
-2.48
-0.77
-0.32
0.53
-1.27
2.51
0.84
2.28
1.33
-0.5
3.53
-0.94
-0.4
0.71
-1.65
-0.83
0.72
2.16
1.85
-2.13
0.55
1.73
0.03
0.32
0.42
2.1
-0.53
1.18
3.15
0.48
-0.08
-2.83
1.53
2.03
-2.2
0.29
0.76
2.93
1.3
-0.12
2.54
0.22
-2.66
2.31
2.71
-1.27
2.23
-3.97
2.38
12.33
-4.51
1.56
1.16
0.84
-0.93
-0.34
5.18
-0.73
2.83
-0.32
0.92
-1.17
1.3
-0.92
2.75
-1.31
2.01
0.14
0.89
-2.26
2.96
0.92
1.93
-0.38
1.93
3.53
0.83
2.16
0.32
0.57
1.33
2.05
-0.44
0.51
3.1
-1.02
2.4
-1.04
2.08
1.32
1.04
-0.68
2.8
1.88
1.62
-0.43
0.38
1.85
1.4
4.49
-1.3
0.04
-0.82
0.86
0.79
2.24
3.29
1.07
-0.52
1.09
1.33
-1.0
0.56
1.53
-0.14
2.09
1.3
0.54
0.26
0.67
0.8
1.06
0.19
-1.1
1.85
-1.5
-4.65
1.21
0.61
0.77
1.49
1.09
0.21
1.49
-0.23
-0.16
0.63
0.12
-0.27
0.28
0.97
0.55
-0.26
0.67
-0.02
0.3
1.17
1.43
3.47
-2.23
0.57
0.68
-1.6
1.05
2.99
-1.38
0.51
0.41
1.05
-1.87
2.84
-1.85
-3.95
3.55
-0.08
-0.59
0.89
0.81
1.16
7.07
1.21
4.54
4.63
0.92
0.56
1.18
-1.76
1.38
-3.04
-9.02
-5.4
3.66
-1.09
0.15
3.16
-2.83
0.29
-0.4
-0.95
4.95
-1.46
-3.67
0.43
4.68
-0.49
-0.13
-0.05
1.36
-1.17
2.68
3.56
0.98
-2.47
0.95
-0.19
4.13
-1.98
-1.74
1.18
-0.93
-0.59
4.71
-2.51
1.49
2.14
-3.92
3.5
-1.45
-2.38
0.88
-0.98
3.85
-0.19
-0.61
-3.98
-2.42
5.45
-7.38
2.99
0.37
0.43
1.86
1.52
0.27
-1.86
0.53
3.62
-0.11
-1.86
2.85
0.88
2.7
3.37
1.32
-1.74
1.31
2.07
-1.59
2.35
-1.03
2.08
0.09
1.93
3.26
1.23
-0.24
1.8
2.22
0.12
0.01
0.69
0.24
0.51
0.76
0.91
0.52
-0.07
0.01
1.41
-0.11
-0.29
-0.22
2.17
2.36
0.15
1.22
0.37
-1.07
-0.31
0.41
1.55
-3.64
-0.92
0.4
1.91
1.43
-3.47
1.5
2.02
-0.73
4.38
-3.18
4.86
-3.07
1.29
1.53
0.76
-2.18
-0.36
0.76
-2.29
14.42
2.09
6.86
-1.39
-5.4
0.06
1.9
6.3
2.42
2.03
-3.04
-1.88
-2.49
0.29
0.45
-0.52
0.86
0.95
-1.03
0.52
-4.41
0.71
2.31
-0.32
0.25
1.95
1.1
1.08
-0.76
1.38
1.72
-0.14
5.61
-3.8
3.89
-5.66
-0.78
7.29
0.95
-0.15
0.78
0.17
2.43
-3.22
3.93
2.76
-0.39
-0.82
1.02
0.23
2.51
0.68
0.17
0.34
0.24
-0.72
2.33
1.11
-0.72
-0.36
0.23
-0.34
-0.1
-2.2
0.08
1.05
0.4
1.11
1.22
-2.61
0.25
-2.58
2.63
-0.55
-1.43
-1.23
0.32
0.0
-0.43
-0.7
-1.51
1.3
2.34
-0.73
1.64
0.83
-2.14
3.01
3.08
1.73
-0.61
0.9
3.13
0.04
0.11
0.81
-1.29
-0.69
-0.2
-0.95
1.15
0.64
0.4
0.9
-0.23
0.02
0.94
1.17
0.76
2.1
0.7
-1.35
-2.1
-1.04
0.73
0.66
0.41
-1.23
-0.34
0.07
2.91
4.46
5.45
2.33
0.36
1.98
-0.23
