"Date","Time","Open","High","Low","Close","Up","Down"
10/01/2020,15:10,3367.00,3370.75,3364.25,3365.00,1506,1807
10/01/2020,15:20,3365.25,3373.25,3365.00,3373.25,967,797
10/01/2020,15:30,3373.00,3374.75,3365.00,3366.25,2043,2747
10/01/2020,15:40,3366.50,3375.50,3362.00,3371.75,2736,2488
10/01/2020,15:50,3372.00,3372.75,3370.00,3371.50,459,571
10/01/2020,16:00,3371.50,3372.50,3370.25,3372.00,306,251
10/01/2020,16:10,3372.00,3372.25,3370.50,3371.50,187,263
10/01/2020,16:20,3371.25,3372.50,3367.00,3369.00,580,810
10/01/2020,16:30,3369.25,3369.25,3367.00,3368.00,388,377
10/01/2020,16:40,3368.25,3370.00,3366.50,3368.25,538,489
10/01/2020,16:50,3368.50,3368.50,3365.50,3365.75,413,756
10/01/2020,17:00,3365.75,3367.75,3365.25,3367.25,660,560
10/01/2020,17:10,3367.00,3372.50,3361.50,3362.00,3322,3581
10/01/2020,17:20,3362.00,3363.50,3358.75,3363.50,2284,2665
10/01/2020,17:30,3363.50,3365.25,3362.75,3365.25,850,593
10/01/2020,17:40,3365.00,3365.00,3356.50,3358.75,1176,1804
10/01/2020,17:50,3359.00,3359.50,3355.50,3358.00,1327,1386
10/01/2020,18:00,3358.25,3361.50,3357.50,3358.00,1102,1056
10/01/2020,18:10,3358.00,3362.00,3357.25,3361.25,820,751
10/01/2020,18:20,3361.00,3361.50,3360.00,3360.25,536,625
10/01/2020,18:30,3360.25,3362.25,3358.25,3361.50,1482,1448
10/01/2020,18:40,3361.75,3362.75,3360.75,3361.00,545,713
10/01/2020,18:50,3361.00,3361.75,3358.00,3360.00,1967,2541
10/01/2020,19:00,3360.00,3361.75,3357.50,3358.75,830,1020
10/01/2020,19:10,3358.75,3360.00,3357.25,3357.50,759,998
10/01/2020,19:20,3357.75,3360.00,3357.25,3360.00,378,263
10/01/2020,19:30,3360.00,3360.00,3357.25,3358.50,342,373
10/01/2020,19:40,3358.50,3360.50,3358.25,3359.00,358,341
10/01/2020,19:50,3359.25,3360.00,3352.50,3353.75,1493,2249
10/01/2020,20:00,3353.50,3355.50,3351.75,3355.25,1983,2015
10/01/2020,20:10,3355.50,3356.25,3353.75,3354.25,757,904
10/01/2020,20:20,3354.00,3356.00,3354.00,3354.75,440,368
10/01/2020,20:30,3355.00,3356.25,3354.25,3354.75,279,497
10/01/2020,20:40,3355.00,3359.00,3354.75,3358.00,766,754
10/01/2020,20:50,3358.00,3359.25,3357.25,3359.00,537,524
10/01/2020,21:00,3359.00,3362.75,3359.00,3362.50,818,715
10/01/2020,21:10,3362.75,3362.75,3361.00,3361.75,411,441
10/01/2020,21:20,3361.75,3362.50,3360.00,3362.50,479,409
10/01/2020,21:30,3362.50,3362.50,3359.50,3361.75,443,470
10/01/2020,21:40,3361.50,3365.25,3361.00,3362.25,937,743
10/01/2020,21:50,3362.50,3362.75,3361.25,3362.50,186,167
10/01/2020,22:00,3362.50,3362.75,3333.00,3335.50,7591,11977
10/01/2020,22:10,3335.25,3336.25,3310.00,3316.75,14857,17582
10/01/2020,22:20,3316.75,3325.00,3315.50,3315.50,7584,7312
10/01/2020,22:30,3315.50,3319.25,3307.50,3310.75,6245,6948
10/01/2020,22:40,3310.75,3311.00,3300.25,3306.75,6333,6604
10/01/2020,22:50,3307.00,3318.75,3306.50,3312.75,6029,5435
10/01/2020,23:00,3313.00,3317.25,3306.25,3312.25,5820,6574
10/01/2020,23:10,3312.25,3316.25,3308.25,3313.75,3757,4105
10/01/2020,23:20,3313.75,3318.00,3313.25,3315.00,2434,2366
10/01/2020,23:30,3315.00,3329.75,3314.50,3326.00,4742,4063
10/01/2020,23:40,3326.00,3327.75,3320.25,3321.75,3996,5246
10/01/2020,23:50,3321.75,3327.00,3320.50,3322.25,4011,3521
10/02/2020,00:00,3322.00,3329.00,3322.00,3327.00,3168,2721
10/02/2020,00:10,3327.00,3333.00,3321.00,3331.75,5264,4985
10/02/2020,00:20,3331.75,3336.50,3329.00,3335.00,4072,3811
10/02/2020,00:30,3335.25,3339.50,3333.25,3335.75,4147,4231
10/02/2020,00:40,3335.75,3338.75,3331.25,3332.75,3036,3531
10/02/2020,00:50,3333.00,3335.75,3325.50,3325.50,2513,3244
10/02/2020,01:00,3325.50,3329.50,3323.25,3327.75,3156,3274
10/02/2020,01:10,3327.75,3330.00,3325.00,3325.75,3245,3198
10/02/2020,01:20,3325.50,3327.75,3321.50,3327.25,2396,2576
10/02/2020,01:30,3327.25,3332.25,3326.25,3331.75,2589,2514
10/02/2020,01:40,3331.75,3331.75,3324.75,3328.75,2418,2402
10/02/2020,01:50,3328.50,3331.00,3327.00,3328.25,1680,1638
10/02/2020,02:00,3328.25,3331.75,3327.00,3329.25,1205,1245
10/02/2020,02:10,3329.00,3333.75,3327.00,3332.75,1787,1446
10/02/2020,02:20,3332.50,3335.00,3330.50,3330.75,1397,1470
10/02/2020,02:30,3330.75,3332.50,3321.25,3321.50,3033,4582
10/02/2020,02:40,3321.50,3324.25,3315.00,3316.00,2706,3796
10/02/2020,02:50,3316.00,3318.25,3310.25,3315.75,3602,4802
10/02/2020,03:00,3315.50,3317.75,3312.25,3314.25,3951,4791
10/02/2020,03:10,3314.00,3314.00,3308.25,3310.00,3557,4391
10/02/2020,03:20,3310.25,3312.00,3304.50,3306.50,2936,3316
10/02/2020,03:30,3306.50,3316.25,3304.00,3314.00,4200,3423
10/02/2020,03:40,3313.75,3320.25,3312.75,3319.50,3354,2522
10/02/2020,03:50,3319.50,3323.25,3318.50,3319.25,2492,2819
10/02/2020,04:00,3319.25,3323.50,3319.00,3321.00,3046,2421
10/02/2020,04:10,3321.25,3325.25,3318.25,3319.25,3909,4831
10/02/2020,04:20,3319.25,3322.25,3317.00,3318.75,1995,2329
10/02/2020,04:30,3318.50,3319.25,3313.25,3315.75,1753,2512
10/02/2020,04:40,3315.50,3317.75,3313.75,3315.50,2259,2487
10/02/2020,04:50,3315.25,3315.50,3311.50,3315.25,2486,2652
10/02/2020,05:00,3315.25,3319.50,3310.75,3313.50,6277,6027
10/02/2020,05:10,3313.25,3321.50,3312.25,3320.75,5060,4563
10/02/2020,05:20,3320.50,3324.50,3319.25,3324.00,3677,2978
10/02/2020,05:30,3324.25,3330.00,3319.25,3326.25,4502,3983
10/02/2020,05:40,3326.75,3327.00,3316.25,3319.75,8048,8946
10/02/2020,05:50,3319.50,3321.25,3309.75,3312.50,5079,6473
10/02/2020,06:00,3312.50,3316.25,3308.50,3314.75,7169,7300
10/02/2020,06:10,3314.75,3315.25,3305.50,3308.50,7242,8993
10/02/2020,06:20,3308.50,3313.25,3306.50,3311.50,7308,6142
10/02/2020,06:30,3311.50,3317.75,3309.75,3316.75,10289,8299
10/02/2020,06:40,3316.75,3344.25,3311.50,3342.25,53059,46359
10/02/2020,06:50,3342.50,3343.25,3335.75,3342.25,28078,26810
10/02/2020,07:00,3342.25,3343.25,3332.75,3340.25,20339,21082
10/02/2020,07:10,3340.25,3353.50,3339.25,3351.00,27038,24814
10/02/2020,07:20,3351.00,3353.50,3344.75,3347.50,17594,19318
10/02/2020,07:30,3347.50,3351.50,3340.75,3350.00,18627,18760
10/02/2020,07:40,3350.00,3351.00,3340.50,3340.50,16069,17251
10/02/2020,07:50,3340.50,3344.25,3336.00,3342.50,13627,14439
10/02/2020,08:00,3342.50,3347.50,3339.75,3345.00,11736,11200
10/02/2020,08:10,3345.00,3349.50,3339.50,3345.25,17711,17967
10/02/2020,08:20,3345.25,3352.75,3343.25,3351.00,14555,14441
10/02/2020,08:30,3350.75,3353.50,3346.50,3347.75,14012,15101
10/02/2020,08:40,3347.75,3348.25,3338.25,3338.50,15197,18520
10/02/2020,08:50,3338.25,3342.50,3336.25,3342.50,15615,15232
10/02/2020,09:00,3342.25,3343.00,3326.75,3327.50,20360,24097
10/02/2020,09:10,3327.75,3335.75,3319.50,3334.25,35042,30155
10/02/2020,09:20,3334.25,3354.50,3334.00,3354.00,39409,35570
10/02/2020,09:30,3354.25,3359.50,3349.75,3351.25,22338,21517
10/02/2020,09:40,3351.25,3358.75,3347.50,3357.75,17459,16859
10/02/2020,09:50,3357.50,3359.00,3353.75,3354.75,10709,11186
10/02/2020,10:00,3355.00,3359.00,3351.25,3354.00,11361,11861
10/02/2020,10:10,3354.00,3357.50,3348.25,3351.75,10120,12889
10/02/2020,10:20,3351.75,3356.50,3348.50,3352.75,11186,11508
10/02/2020,10:30,3352.75,3358.50,3350.75,3356.00,8348,7776
10/02/2020,10:40,3356.00,3357.25,3347.50,3353.00,8684,9108
10/02/2020,10:50,3353.25,3354.00,3339.50,3342.25,20082,23852
10/02/2020,11:00,3342.50,3346.50,3338.00,3345.00,13463,12937
10/02/2020,11:10,3345.00,3355.75,3344.25,3354.75,12658,10369
10/02/2020,11:20,3354.75,3357.00,3352.25,3354.00,6465,7299
10/02/2020,11:30,3354.25,3356.50,3352.00,3353.25,7500,6747
10/02/2020,11:40,3353.25,3355.00,3349.00,3350.00,14277,16906
10/02/2020,11:50,3350.00,3354.00,3347.25,3349.25,17964,16763
10/02/2020,12:00,3349.25,3356.00,3346.25,3352.25,12288,12605
10/02/2020,12:10,3352.25,3353.75,3345.25,3348.50,14380,13268
10/02/2020,12:20,3348.50,3356.00,3341.00,3348.75,22878,22266
10/02/2020,12:30,3348.50,3353.75,3347.00,3349.50,11995,9897
10/02/2020,12:40,3349.75,3355.75,3348.00,3352.75,13846,12667
10/02/2020,12:50,3352.75,3353.25,3345.25,3347.75,12485,12163
10/02/2020,13:00,3347.75,3349.50,3336.50,3338.75,34377,36758
10/02/2020,13:10,3338.50,3344.00,3335.25,3337.00,17121,16825
10/02/2020,13:20,3337.00,3339.75,3336.75,3339.50,5391,4599
10/02/2020,13:40,3340.75,3348.75,3340.75,3345.75,3463,2294
10/02/2020,13:50,3345.75,3346.75,3345.50,3346.00,932,1172
10/02/2020,14:00,3345.75,3347.75,3345.50,3345.50,1111,1059
10/04/2020,15:10,3360.00,3361.25,3349.75,3357.75,5529,6342
10/04/2020,15:20,3358.00,3358.50,3349.50,3351.50,1609,2142
10/04/2020,15:30,3351.50,3357.00,3351.25,3355.00,1322,947
10/04/2020,15:40,3355.25,3359.00,3354.75,3357.75,1092,800
10/04/2020,15:50,3357.75,3358.75,3351.75,3354.75,1090,1097
10/04/2020,16:00,3354.75,3357.00,3353.50,3356.50,437,389
10/04/2020,16:10,3356.75,3357.50,3355.00,3355.75,469,574
10/04/2020,16:20,3356.00,3358.00,3355.75,3356.25,518,408
10/04/2020,16:30,3356.25,3358.50,3356.25,3356.50,498,469
10/04/2020,16:40,3356.75,3357.25,3355.50,3356.25,326,326
10/04/2020,16:50,3356.50,3358.50,3354.50,3357.00,687,830
10/04/2020,17:00,3357.00,3363.75,3357.00,3362.00,1899,1435
10/04/2020,17:10,3361.75,3364.75,3359.25,3363.25,2018,1964
10/04/2020,17:20,3363.00,3365.75,3363.00,3365.00,1501,1323
10/04/2020,17:30,3365.00,3366.50,3363.25,3364.00,1229,1050
10/04/2020,17:40,3364.00,3366.00,3362.75,3365.50,758,675
10/04/2020,17:50,3365.50,3366.25,3363.50,3364.25,494,592
10/04/2020,18:00,3364.25,3367.25,3364.00,3367.25,1047,575
10/04/2020,18:10,3367.00,3367.75,3364.50,3366.25,775,869
10/04/2020,18:20,3366.50,3366.75,3364.25,3364.50,586,571
10/04/2020,18:30,3364.75,3366.25,3364.25,3365.00,523,546
10/04/2020,18:40,3365.00,3365.25,3362.50,3363.25,957,1054
10/04/2020,18:50,3363.00,3364.50,3361.75,3363.00,795,677
10/04/2020,19:00,3363.25,3364.00,3359.50,3361.25,918,1200
10/04/2020,19:10,3361.25,3363.00,3360.50,3362.50,531,464
10/04/2020,19:20,3362.25,3364.50,3362.25,3363.25,811,620
10/04/2020,19:30,3363.50,3364.00,3362.75,3363.50,263,263
10/04/2020,19:40,3363.50,3364.75,3362.75,3363.75,479,363
10/04/2020,19:50,3363.75,3364.25,3363.25,3364.00,167,160
10/04/2020,20:00,3364.00,3364.50,3363.50,3364.00,172,287
10/04/2020,20:10,3364.00,3367.00,3364.00,3365.75,1078,722
10/04/2020,20:20,3365.75,3366.25,3365.50,3365.75,273,167
10/04/2020,20:30,3365.50,3365.50,3364.25,3364.75,141,343
10/04/2020,20:40,3364.75,3365.25,3363.25,3363.75,298,268
10/04/2020,20:50,3363.75,3364.25,3362.50,3363.25,310,360
10/04/2020,21:00,3363.25,3363.25,3357.25,3357.50,886,1485
10/04/2020,21:10,3357.50,3358.00,3356.00,3357.50,608,730
10/04/2020,21:20,3357.50,3359.75,3357.50,3359.00,615,364
10/04/2020,21:30,3359.00,3359.25,3358.25,3358.25,211,342
10/04/2020,21:40,3358.50,3362.00,3358.50,3360.75,922,608
10/04/2020,21:50,3360.75,3361.00,3359.50,3360.00,234,303
10/04/2020,22:00,3360.00,3361.50,3360.00,3361.50,229,342
10/04/2020,22:10,3361.50,3363.00,3360.75,3361.00,450,381
10/04/2020,22:20,3361.00,3362.00,3360.00,3361.25,264,311
10/04/2020,22:30,3361.25,3363.00,3361.00,3362.50,304,302
10/04/2020,22:40,3362.75,3363.00,3361.25,3362.25,268,295
10/04/2020,22:50,3362.25,3364.25,3361.75,3363.75,407,279
10/04/2020,23:00,3363.75,3363.75,3361.00,3361.50,465,527
10/04/2020,23:10,3361.50,3362.25,3354.25,3355.75,1955,2256
10/04/2020,23:20,3356.00,3359.25,3354.75,3358.75,1222,834
10/04/2020,23:30,3358.75,3359.25,3356.75,3358.50,798,551
10/04/2020,23:40,3358.75,3359.50,3354.75,3356.25,802,864
10/04/2020,23:50,3356.25,3358.75,3356.25,3357.00,573,678
10/05/2020,00:00,3357.25,3360.00,3356.50,3359.50,1189,989
10/05/2020,00:10,3359.25,3362.25,3356.75,3357.50,2675,2798
10/05/2020,00:20,3357.50,3358.00,3350.75,3353.25,2781,3275
10/05/2020,00:30,3353.25,3355.50,3348.00,3351.25,2478,2888
10/05/2020,00:40,3351.25,3353.00,3346.50,3351.75,2529,2388
10/05/2020,00:50,3351.75,3355.00,3349.25,3353.50,1994,1977
10/05/2020,01:00,3353.75,3355.00,3351.25,3352.25,1172,936
10/05/2020,01:10,3352.00,3355.75,3351.25,3354.50,1265,1238
10/05/2020,01:20,3354.25,3358.00,3354.25,3357.75,2003,1224
10/05/2020,01:30,3357.75,3358.75,3354.00,3355.25,1197,1109
10/05/2020,01:40,3355.25,3357.50,3354.25,3356.50,634,599
10/05/2020,01:50,3356.50,3358.75,3355.00,3355.25,560,748
10/05/2020,02:00,3355.25,3357.00,3354.00,3355.75,660,911
10/05/2020,02:10,3355.75,3358.25,3353.50,3357.50,935,691
10/05/2020,02:20,3357.75,3357.75,3353.75,3354.75,884,1146
10/05/2020,02:30,3354.75,3358.75,3354.50,3356.50,1216,1211
10/05/2020,02:40,3356.50,3360.00,3355.50,3359.50,1639,1117
10/05/2020,02:50,3359.25,3361.50,3358.75,3360.75,1275,1101
10/05/2020,03:00,3360.75,3362.00,3359.00,3360.50,714,865
10/05/2020,03:10,3360.25,3360.75,3356.75,3357.25,1962,1854
10/05/2020,03:20,3357.00,3357.25,3355.00,3356.50,1169,1439
10/05/2020,03:30,3356.25,3358.50,3356.00,3357.50,1442,1219
10/05/2020,03:40,3357.50,3359.00,3357.00,3359.00,671,352
10/05/2020,03:50,3359.00,3360.75,3358.00,3360.25,1273,950
10/05/2020,04:00,3360.00,3363.00,3359.75,3363.00,1476,952
10/05/2020,04:10,3363.00,3366.25,3361.75,3366.00,2206,1661
10/05/2020,04:20,3365.75,3366.25,3362.25,3362.50,1159,1662
10/05/2020,04:30,3362.50,3362.50,3360.00,3361.00,1008,1216
10/05/2020,04:40,3361.00,3364.00,3361.00,3363.50,1284,1031
10/05/2020,04:50,3363.25,3364.75,3362.00,3364.00,1328,1184
10/05/2020,05:00,3363.75,3364.50,3360.50,3361.00,1631,1816
10/05/2020,05:10,3361.00,3361.75,3358.50,3361.25,1792,1854
10/05/2020,05:20,3361.25,3362.00,3357.50,3357.50,1736,2430
10/05/2020,05:30,3357.75,3360.25,3357.75,3359.50,1362,1186
10/05/2020,05:40,3359.50,3361.00,3358.25,3360.25,1864,2035
10/05/2020,05:50,3360.50,3361.50,3358.00,3360.00,2266,2524
10/05/2020,06:00,3360.00,3362.00,3359.25,3360.75,1910,1607
10/05/2020,06:10,3360.75,3363.25,3360.00,3361.00,1762,1470
10/05/2020,06:20,3360.75,3362.00,3360.25,3361.75,2148,2173
10/05/2020,06:30,3361.50,3362.25,3359.75,3360.50,2070,2250
10/05/2020,06:40,3360.75,3371.25,3360.25,3368.50,28836,27558
10/05/2020,06:50,3368.25,3372.25,3366.00,3367.25,13393,13465
10/05/2020,07:00,3367.25,3369.00,3364.25,3365.75,10882,10476
10/05/2020,07:10,3365.75,3373.00,3365.75,3372.00,12263,11840
10/05/2020,07:20,3372.25,3377.25,3371.25,3377.00,13027,11989
10/05/2020,07:30,3377.00,3378.50,3375.50,3376.75,11078,10737
10/05/2020,07:40,3377.00,3384.50,3377.00,3381.50,18004,17047
10/05/2020,07:50,3381.75,3386.00,3381.50,3385.25,15077,12422
10/05/2020,08:00,3385.25,3386.00,3382.50,3382.75,8159,9589
10/05/2020,08:10,3382.75,3386.50,3382.00,3383.50,7570,7586
10/05/2020,08:20,3383.75,3388.00,3382.00,3387.25,11461,7231
10/05/2020,08:30,3387.25,3388.75,3384.75,3385.50,13822,12386
10/05/2020,08:40,3385.50,3386.25,3381.75,3382.25,6577,9125
10/05/2020,08:50,3382.50,3384.75,3382.00,3383.25,6773,6946
10/05/2020,09:00,3383.25,3385.00,3382.50,3384.50,5092,5065
10/05/2020,09:10,3384.75,3385.00,3382.75,3384.25,3304,3814
10/05/2020,09:20,3384.25,3385.75,3383.25,3384.50,4155,3820
10/05/2020,09:30,3384.50,3386.25,3384.25,3386.00,3172,2699
10/05/2020,09:40,3386.00,3387.25,3385.50,3386.50,4661,4251
10/05/2020,09:50,3386.75,3387.25,3385.00,3385.50,3234,4754
10/05/2020,10:00,3385.50,3386.75,3384.75,3386.25,2591,3529
10/05/2020,10:10,3386.50,3387.25,3384.00,3386.00,5671,5074
10/05/2020,10:20,3385.75,3388.00,3385.50,3385.75,4309,3978
10/05/2020,10:30,3385.75,3385.75,3382.50,3385.00,4583,5254
10/05/2020,10:40,3385.00,3385.00,3382.75,3384.50,6906,7476
10/05/2020,10:50,3384.50,3385.00,3380.00,3381.50,5365,7614
10/05/2020,11:00,3381.50,3382.00,3377.25,3378.75,8502,9790
10/05/2020,11:10,3378.75,3379.25,3375.50,3378.25,9425,8490
10/05/2020,11:20,3378.50,3381.75,3378.25,3381.00,6975,6047
10/05/2020,11:30,3381.00,3382.50,3378.00,3379.75,6702,8143
10/05/2020,11:40,3380.00,3386.25,3380.00,3385.25,11258,9687
10/05/2020,11:50,3385.25,3386.75,3384.50,3385.00,5080,5923
10/05/2020,12:00,3385.25,3392.25,3385.00,3391.75,12903,9862
10/05/2020,12:10,3391.75,3394.50,3389.50,3394.50,11644,11144
10/05/2020,12:20,3394.50,3398.75,3393.75,3397.00,15466,15018
10/05/2020,12:30,3397.00,3399.75,3395.50,3399.00,11338,9548
10/05/2020,12:40,3399.25,3400.00,3396.00,3396.75,12613,12993
10/05/2020,12:50,3397.00,3399.00,3394.25,3396.50,13571,14543
10/05/2020,13:00,3396.50,3399.25,3394.50,3397.50,43040,44796
10/05/2020,13:10,3397.75,3398.25,3393.25,3394.25,18535,22129
10/05/2020,13:20,3394.25,3394.75,3392.00,3393.00,6245,6771
10/05/2020,13:40,3393.00,3394.00,3392.25,3393.50,1100,979
10/05/2020,13:50,3393.25,3394.00,3393.00,3393.50,442,558
10/05/2020,14:00,3393.25,3393.50,3392.25,3392.25,649,851
10/05/2020,15:10,3392.00,3395.25,3392.00,3394.00,840,946
10/05/2020,15:20,3394.00,3396.50,3394.00,3396.25,571,181
10/05/2020,15:30,3396.00,3396.50,3395.25,3395.50,244,300
10/05/2020,15:40,3395.50,3397.00,3395.50,3397.00,434,314
10/05/2020,15:50,3396.75,3397.00,3396.00,3396.25,180,305
10/05/2020,16:00,3396.25,3396.75,3395.75,3396.00,129,240
10/05/2020,16:10,3396.00,3396.25,3386.75,3388.00,2848,3715
10/05/2020,16:20,3387.75,3392.50,3387.75,3391.50,2993,2504
10/05/2020,16:30,3391.50,3392.50,3391.00,3391.75,556,530
10/05/2020,16:40,3391.75,3392.25,3391.00,3392.00,435,535
10/05/2020,16:50,3392.25,3392.50,3386.75,3389.50,1398,1639
10/05/2020,17:00,3389.50,3391.25,3387.50,3389.50,922,869
10/05/2020,17:10,3389.50,3394.75,3388.50,3394.75,1723,1105
10/05/2020,17:20,3394.50,3394.50,3393.00,3393.00,499,1092
10/05/2020,17:30,3393.00,3393.25,3391.00,3391.25,566,692
10/05/2020,17:40,3391.25,3391.50,3384.75,3386.25,1857,1933
10/05/2020,17:50,3386.25,3388.50,3385.25,3388.25,1550,1489
10/05/2020,18:00,3388.25,3391.00,3387.50,3390.75,853,454
10/05/2020,18:10,3390.75,3393.00,3389.75,3392.25,1189,967
10/05/2020,18:20,3392.00,3393.75,3390.75,3391.25,1130,681
10/05/2020,18:30,3391.50,3392.50,3390.25,3390.75,510,701
10/05/2020,18:40,3391.00,3392.25,3389.75,3391.75,1785,1678
10/05/2020,18:50,3392.00,3396.25,3392.00,3395.50,1501,905
10/05/2020,19:00,3395.50,3397.75,3395.00,3395.25,1081,860
10/05/2020,19:10,3395.25,3396.50,3395.00,3395.50,454,402
10/05/2020,19:20,3395.50,3397.00,3395.25,3395.25,396,279
10/05/2020,19:30,3395.50,3397.00,3395.50,3396.25,275,322
10/05/2020,19:40,3396.00,3396.00,3394.00,3394.50,437,460
10/05/2020,19:50,3394.75,3395.00,3394.00,3394.75,351,379
10/05/2020,20:00,3394.75,3395.00,3393.25,3394.75,333,305
10/05/2020,20:10,3394.75,3394.75,3393.25,3394.00,2195,2127
10/05/2020,20:20,3394.00,3397.25,3393.75,3397.00,1032,752
10/05/2020,20:30,3397.00,3397.50,3396.25,3396.25,288,448
10/05/2020,20:40,3396.50,3399.25,3395.25,3395.75,1274,1636
10/05/2020,20:50,3396.00,3396.75,3394.50,3395.50,645,413
10/05/2020,21:00,3395.50,3396.00,3394.50,3395.25,377,441
10/05/2020,21:10,3395.25,3396.00,3395.00,3395.75,263,255
10/05/2020,21:20,3396.00,3396.25,3395.75,3396.00,245,210
10/05/2020,21:30,3396.00,3397.00,3394.75,3396.75,684,363
10/05/2020,21:40,3397.00,3398.50,3396.75,3397.00,398,530
10/05/2020,21:50,3397.25,3397.50,3395.50,3395.50,95,361
10/05/2020,22:00,3395.50,3395.75,3394.50,3395.00,588,427
10/05/2020,22:10,3395.00,3395.75,3392.25,3393.50,555,919
10/05/2020,22:20,3393.50,3393.75,3392.75,3393.50,448,358
10/05/2020,22:30,3393.50,3393.75,3391.25,3392.50,857,663
10/05/2020,22:40,3392.25,3393.50,3392.00,3392.50,213,322
10/05/2020,22:50,3392.25,3393.75,3392.25,3393.75,259,140
10/05/2020,23:00,3393.50,3395.25,3393.00,3395.00,537,216
10/05/2020,23:10,3395.00,3395.25,3393.00,3393.00,520,676
10/05/2020,23:20,3393.25,3393.25,3390.75,3392.50,758,651
10/05/2020,23:30,3392.50,3394.00,3392.25,3393.25,898,426
10/05/2020,23:40,3393.00,3394.00,3391.00,3391.50,561,415
10/05/2020,23:50,3391.50,3393.50,3391.25,3393.00,393,483
10/06/2020,00:00,3392.75,3395.00,3392.75,3394.50,385,306
10/06/2020,00:10,3394.25,3398.75,3391.75,3396.75,2386,2143
10/06/2020,00:20,3396.50,3396.75,3387.00,3388.75,2786,3660
10/06/2020,00:30,3389.00,3391.50,3387.50,3389.75,1367,1377
10/06/2020,00:40,3389.50,3390.75,3387.50,3389.75,1713,1720
10/06/2020,00:50,3389.75,3391.50,3388.00,3388.25,1105,1502
10/06/2020,01:00,3388.00,3388.50,3386.00,3387.50,1595,1374
10/06/2020,01:10,3387.25,3388.25,3381.00,3381.75,2828,3661
10/06/2020,01:20,3381.75,3385.75,3381.00,3385.00,1939,1486
10/06/2020,01:30,3384.75,3385.25,3383.25,3385.00,1039,947
10/06/2020,01:40,3384.75,3386.25,3384.25,3384.25,1226,717
10/06/2020,01:50,3384.25,3384.50,3380.50,3383.50,1217,1669
10/06/2020,02:00,3383.50,3385.75,3383.25,3385.00,1002,824
10/06/2020,02:10,3384.75,3386.00,3383.50,3386.00,1225,832
10/06/2020,02:20,3386.00,3386.75,3384.50,3384.75,1089,1349
10/06/2020,02:30,3385.00,3385.50,3383.00,3385.00,1333,1823
10/06/2020,02:40,3385.00,3386.00,3384.50,3385.00,1538,1382
10/06/2020,02:50,3384.75,3386.25,3384.50,3385.25,1066,779
10/06/2020,03:00,3385.50,3386.00,3384.00,3384.00,888,1183
10/06/2020,03:10,3384.25,3384.25,3380.25,3382.75,1760,2292
10/06/2020,03:20,3383.00,3387.75,3382.75,3386.75,1951,1328
10/06/2020,03:30,3386.75,3389.75,3386.25,3387.25,2461,2251
10/06/2020,03:40,3387.25,3388.00,3384.00,3385.75,2181,2197
10/06/2020,03:50,3385.75,3387.75,3384.75,3386.50,1534,1309
10/06/2020,04:00,3386.50,3387.50,3382.75,3386.25,1997,1903
10/06/2020,04:10,3386.25,3387.50,3385.00,3386.00,1196,1208
10/06/2020,04:20,3385.75,3388.25,3385.25,3388.00,975,827
10/06/2020,04:30,3388.25,3392.75,3387.00,3392.00,3292,2244
10/06/2020,04:40,3392.25,3396.00,3391.75,3395.00,3504,2399
10/06/2020,04:50,3395.25,3395.75,3394.00,3394.75,2678,2718
10/06/2020,05:00,3394.75,3395.50,3393.25,3394.50,1720,2262
10/06/2020,05:10,3394.75,3394.75,3392.25,3394.25,1595,1486
10/06/2020,05:20,3394.25,3397.00,3393.75,3396.25,2341,2503
10/06/2020,05:30,3396.00,3399.25,3395.50,3397.00,2885,2669
10/06/2020,05:40,3397.00,3403.00,3396.50,3398.50,5361,4131
10/06/2020,05:50,3398.75,3400.00,3398.00,3399.25,1419,1897
10/06/2020,06:00,3399.25,3400.00,3398.00,3399.50,1441,2392
10/06/2020,06:10,3399.50,3401.25,3398.75,3400.75,3514,2533
10/06/2020,06:20,3400.75,3401.25,3398.75,3400.25,1881,2793
10/06/2020,06:30,3400.25,3400.50,3398.75,3399.25,2854,2802
10/06/2020,06:40,3399.50,3402.75,3395.50,3396.25,27240,26575
10/06/2020,06:50,3396.25,3399.00,3393.00,3395.50,13990,15651
10/06/2020,07:00,3395.25,3396.25,3390.75,3394.00,11901,12058
10/06/2020,07:10,3394.00,3399.75,3393.75,3399.75,14708,11055
10/06/2020,07:20,3399.75,3405.75,3399.00,3404.25,18151,14042
10/06/2020,07:30,3404.25,3405.00,3400.25,3403.00,9648,10971
10/06/2020,07:40,3403.25,3404.00,3399.25,3401.00,9355,10653
10/06/2020,07:50,3401.00,3405.75,3390.75,3398.75,24545,25062
10/06/2020,08:00,3398.75,3403.50,3398.00,3399.25,13073,12020
10/06/2020,08:10,3399.25,3402.00,3396.75,3398.00,8764,9282
10/06/2020,08:20,3398.00,3398.75,3395.00,3396.25,10929,12266
10/06/2020,08:30,3396.25,3397.50,3389.50,3394.00,15798,16748
10/06/2020,08:40,3393.75,3398.00,3390.75,3397.00,16368,11884
10/06/2020,08:50,3397.00,3398.25,3391.00,3391.25,7916,10089
10/06/2020,09:00,3391.25,3391.25,3386.25,3389.50,11360,11562
10/06/2020,09:10,3389.25,3394.75,3389.00,3394.50,11764,10807
10/06/2020,09:20,3394.50,3396.75,3393.75,3395.00,4628,4443
10/06/2020,09:30,3395.00,3397.75,3393.50,3395.75,6146,5778
10/06/2020,09:40,3395.75,3397.25,3394.00,3396.50,5597,5262
10/06/2020,09:50,3396.75,3402.00,3396.00,3401.75,9544,6509
10/06/2020,10:00,3402.00,3404.25,3401.50,3403.50,10315,8290
10/06/2020,10:10,3403.75,3408.00,3402.25,3407.75,8680,5627
10/06/2020,10:20,3407.75,3408.00,3406.25,3407.75,5104,4626
10/06/2020,10:30,3407.50,3410.25,3405.25,3405.50,8738,7765
10/06/2020,10:40,3405.25,3407.00,3405.00,3406.50,4212,4562
10/06/2020,10:50,3406.25,3408.75,3402.50,3403.50,12984,13550
10/06/2020,11:00,3403.50,3405.75,3402.50,3404.75,5090,4992
10/06/2020,11:10,3405.00,3409.25,3403.50,3406.50,8073,6973
10/06/2020,11:20,3406.50,3411.75,3405.00,3410.25,11962,12381
10/06/2020,11:30,3410.25,3413.25,3409.50,3411.50,8886,5713
10/06/2020,11:40,3411.75,3417.25,3411.50,3415.50,8858,6878
10/06/2020,11:50,3415.75,3421.75,3401.00,3403.25,28151,28582
10/06/2020,12:00,3403.50,3403.75,3357.00,3370.25,91602,100741
10/06/2020,12:10,3370.25,3370.25,3345.25,3358.00,49475,52503
10/06/2020,12:20,3357.75,3364.50,3353.00,3354.50,33130,31104
10/06/2020,12:30,3354.50,3362.25,3351.00,3361.00,29221,26536
10/06/2020,12:40,3361.00,3371.25,3358.25,3362.00,31460,29833
10/06/2020,12:50,3362.00,3363.50,3346.00,3350.00,27399,31974
10/06/2020,13:00,3350.00,3356.75,3343.75,3349.25,50119,54040
10/06/2020,13:10,3349.25,3354.75,3348.25,3349.00,21222,20694
10/06/2020,13:20,3348.75,3355.75,3348.75,3352.25,6015,5594
10/06/2020,13:40,3352.00,3353.00,3342.75,3343.75,2755,4678
10/06/2020,13:50,3343.50,3344.00,3338.00,3338.50,1665,2587
10/06/2020,14:00,3338.75,3339.25,3330.50,3334.00,4200,4606
10/06/2020,15:10,3338.00,3339.75,3332.25,3339.25,4341,3435
10/06/2020,15:20,3339.25,3342.00,3339.00,3342.00,966,789
10/06/2020,15:30,3342.00,3343.00,3341.00,3341.25,1224,1416
10/06/2020,15:40,3341.50,3346.50,3341.50,3344.00,1799,1639
10/06/2020,15:50,3344.00,3345.25,3339.00,3339.75,984,1239
10/06/2020,16:00,3339.75,3340.75,3332.25,3337.50,1337,1650
10/06/2020,16:10,3337.50,3342.50,3335.75,3339.75,2411,2149
10/06/2020,16:20,3340.00,3343.25,3337.00,3341.00,1165,947
10/06/2020,16:30,3341.00,3344.50,3340.75,3341.50,1123,1240
10/06/2020,16:40,3341.75,3347.00,3339.50,3340.75,2005,1968
10/06/2020,16:50,3340.75,3348.00,3340.50,3346.50,2122,1858
10/06/2020,17:00,3346.75,3348.00,3345.50,3346.00,687,752
10/06/2020,17:10,3346.00,3348.00,3344.25,3348.00,1189,1040
10/06/2020,17:20,3348.00,3350.00,3347.25,3349.50,1116,1180
10/06/2020,17:30,3349.75,3350.00,3347.00,3348.00,1226,1590
10/06/2020,17:40,3347.75,3348.25,3344.50,3345.25,744,901
10/06/2020,17:50,3345.50,3348.25,3345.25,3346.50,631,543
10/06/2020,18:00,3346.50,3348.00,3346.00,3347.50,428,378
10/06/2020,18:10,3347.50,3347.50,3342.50,3344.25,1226,1569
10/06/2020,18:20,3344.25,3349.25,3344.25,3349.00,858,674
10/06/2020,18:30,3349.00,3349.50,3345.25,3346.25,577,673
10/06/2020,18:40,3346.00,3346.25,3343.25,3345.25,894,761
10/06/2020,18:50,3345.25,3347.25,3344.50,3347.25,586,594
10/06/2020,19:00,3347.25,3355.00,3346.50,3354.00,3346,2277
10/06/2020,19:10,3353.75,3360.00,3353.50,3357.25,2875,2229
10/06/2020,19:20,3357.25,3360.00,3355.25,3358.25,2651,2649
10/06/2020,19:30,3358.25,3358.25,3351.50,3353.00,1726,2459
10/06/2020,19:40,3352.75,3354.00,3350.25,3353.00,780,713
10/06/2020,19:50,3352.75,3353.00,3347.25,3351.75,1185,1490
10/06/2020,20:00,3351.75,3353.50,3351.00,3351.25,801,828
10/06/2020,20:10,3351.50,3354.50,3351.50,3353.75,1121,1219
10/06/2020,20:20,3354.00,3354.50,3351.50,3353.00,999,1553
10/06/2020,20:30,3352.75,3353.25,3348.25,3352.25,1348,1666
10/06/2020,20:40,3352.50,3353.50,3351.50,3352.00,474,444
10/06/2020,20:50,3352.25,3356.75,3352.00,3356.00,1078,443
10/06/2020,21:00,3356.00,3356.25,3354.00,3354.25,325,375
10/06/2020,21:10,3354.25,3355.50,3354.25,3354.50,177,206
10/06/2020,21:20,3354.50,3356.75,3354.25,3356.25,299,238
10/06/2020,21:30,3356.25,3357.00,3355.50,3356.25,187,288
10/06/2020,21:40,3356.00,3356.00,3353.75,3354.75,320,408
10/06/2020,21:50,3355.00,3357.00,3355.00,3356.25,314,260
10/06/2020,22:00,3356.00,3357.50,3355.75,3357.25,488,344
10/06/2020,22:10,3357.00,3359.25,3356.00,3358.75,706,375
10/06/2020,22:20,3358.50,3360.00,3357.75,3359.25,569,533
10/06/2020,22:30,3359.00,3359.00,3355.75,3358.25,733,1045
10/06/2020,22:40,3358.25,3363.25,3356.75,3363.25,3070,1566
10/06/2020,22:50,3363.00,3369.50,3363.00,3367.25,2995,2390
10/06/2020,23:00,3367.00,3367.50,3363.25,3364.50,733,1415
10/06/2020,23:10,3364.50,3366.50,3363.00,3363.75,2259,2376
10/06/2020,23:20,3363.75,3368.00,3363.50,3367.25,1090,804
10/06/2020,23:30,3367.25,3367.50,3362.75,3365.50,1833,1601
10/06/2020,23:40,3365.50,3367.50,3365.25,3367.25,1175,718
10/06/2020,23:50,3367.25,3369.25,3365.75,3366.50,1441,1196
10/07/2020,00:00,3366.50,3369.00,3366.25,3368.75,859,711
10/07/2020,00:10,3368.75,3373.25,3366.50,3372.75,4476,3582
10/07/2020,00:20,3373.00,3378.25,3370.75,3373.75,4100,4135
10/07/2020,00:30,3374.00,3374.75,3372.00,3374.50,2152,1792
10/07/2020,00:40,3374.50,3376.50,3371.75,3372.00,2017,2213
10/07/2020,00:50,3372.00,3373.25,3371.25,3373.00,1199,1201
10/07/2020,01:00,3373.25,3375.00,3373.00,3374.25,1217,1147
10/07/2020,01:10,3374.25,3374.75,3370.00,3371.00,1389,1488
10/07/2020,01:20,3371.00,3371.75,3368.75,3370.75,1406,1588
10/07/2020,01:30,3370.75,3371.25,3368.00,3368.50,1128,1569
10/07/2020,01:40,3368.50,3372.25,3367.75,3371.50,1753,1340
10/07/2020,01:50,3371.50,3372.75,3368.75,3371.25,1531,1513
10/07/2020,02:00,3371.25,3373.50,3370.75,3372.75,952,1096
10/07/2020,02:10,3372.75,3373.25,3370.75,3371.50,1325,1639
10/07/2020,02:20,3371.50,3372.50,3370.00,3371.75,1754,1849
10/07/2020,02:30,3371.50,3372.75,3368.75,3370.00,778,1043
10/07/2020,02:40,3370.25,3372.75,3369.75,3372.50,1077,808
10/07/2020,02:50,3372.50,3373.25,3370.00,3370.75,856,1057
10/07/2020,03:00,3370.75,3371.25,3367.25,3367.50,1267,1656
10/07/2020,03:10,3367.50,3370.50,3365.25,3369.50,2693,2846
10/07/2020,03:20,3369.75,3371.75,3368.50,3369.75,1259,994
10/07/2020,03:30,3369.50,3371.25,3367.75,3369.50,1021,1426
10/07/2020,03:40,3369.50,3370.25,3367.25,3369.00,1002,1422
10/07/2020,03:50,3368.75,3369.00,3366.25,3368.75,1129,1250
10/07/2020,04:00,3368.75,3375.50,3368.25,3374.75,2895,1930
10/07/2020,04:10,3374.75,3375.75,3373.25,3375.25,1757,1225
10/07/2020,04:20,3375.25,3376.00,3371.50,3372.75,1290,2225
10/07/2020,04:30,3372.50,3374.00,3371.75,3373.75,1320,1637
10/07/2020,04:40,3373.50,3374.00,3371.25,3373.75,1078,1138
10/07/2020,04:50,3373.75,3377.00,3373.75,3376.25,1569,870
10/07/2020,05:00,3376.25,3378.75,3375.25,3377.75,2098,1903
10/07/2020,05:10,3377.75,3380.75,3376.00,3379.00,3444,3888
10/07/2020,05:20,3379.00,3382.25,3378.00,3381.00,3634,3312
10/07/2020,05:30,3381.00,3381.00,3378.50,3379.00,1673,2586
10/07/2020,05:40,3379.00,3380.50,3378.00,3380.25,4621,3851
10/07/2020,05:50,3380.25,3382.75,3378.75,3380.50,6039,5692
10/07/2020,06:00,3380.50,3384.75,3378.75,3379.25,5363,5380
10/07/2020,06:10,3379.25,3380.75,3376.75,3380.00,4982,4532
10/07/2020,06:20,3380.00,3381.75,3377.75,3379.50,3106,3665
10/07/2020,06:30,3379.50,3381.50,3379.00,3381.25,3622,3782
10/07/2020,06:40,3381.25,3391.75,3381.00,3386.75,33394,32183
10/07/2020,06:50,3386.75,3394.00,3386.75,3392.00,20791,19257
10/07/2020,07:00,3392.25,3395.25,3388.75,3390.25,19996,22221
10/07/2020,07:10,3390.25,3391.75,3386.00,3391.25,22461,22494
10/07/2020,07:20,3391.00,3392.50,3383.50,3392.25,19707,18997
10/07/2020,07:30,3392.50,3395.00,3390.50,3393.25,15065,16592
10/07/2020,07:40,3393.50,3397.75,3390.25,3391.75,18673,18388
10/07/2020,07:50,3391.75,3394.75,3390.25,3394.50,13837,12948
10/07/2020,08:00,3394.50,3396.50,3394.25,3394.75,12235,9231
10/07/2020,08:10,3394.75,3398.25,3393.50,3397.25,12050,9761
10/07/2020,08:20,3397.50,3399.00,3392.50,3394.00,12085,13036
10/07/2020,08:30,3394.25,3396.00,3391.75,3395.00,9390,9747
10/07/2020,08:40,3395.25,3396.75,3393.50,3395.00,8278,8839
10/07/2020,08:50,3395.25,3397.50,3394.75,3395.75,5970,6074
10/07/2020,09:00,3396.00,3397.00,3393.50,3394.25,6423,7030
10/07/2020,09:10,3394.25,3395.00,3392.50,3393.00,6436,6021
10/07/2020,09:20,3393.00,3396.00,3392.75,3395.00,4931,5933
10/07/2020,09:30,3395.00,3396.75,3385.25,3390.50,18863,20588
10/07/2020,09:40,3390.75,3396.50,3390.50,3393.50,11704,9649
10/07/2020,09:50,3393.75,3395.50,3392.25,3394.75,5474,5855
10/07/2020,10:00,3394.75,3396.25,3392.00,3396.00,4952,4189
10/07/2020,10:10,3396.00,3398.25,3395.75,3397.25,6802,6680
10/07/2020,10:20,3397.50,3398.25,3396.00,3398.25,4128,4059
10/07/2020,10:30,3398.25,3399.00,3396.25,3398.00,4897,4349
10/07/2020,10:40,3398.00,3399.75,3397.75,3399.50,6742,5551
10/07/2020,10:50,3399.50,3406.25,3399.00,3406.25,19399,12656
10/07/2020,11:00,3406.25,3408.75,3403.00,3404.25,11449,11727
10/07/2020,11:10,3404.25,3408.25,3402.75,3404.50,12506,10759
10/07/2020,11:20,3404.75,3410.00,3403.50,3409.25,9469,9366
10/07/2020,11:30,3409.25,3414.25,3408.50,3412.25,14302,11163
10/07/2020,11:40,3412.25,3413.50,3411.00,3411.25,5601,6415
10/07/2020,11:50,3411.50,3412.00,3407.00,3410.75,12114,13046
10/07/2020,12:00,3410.75,3414.00,3410.75,3412.50,7887,7474
10/07/2020,12:10,3412.75,3416.25,3411.50,3415.00,11893,12700
10/07/2020,12:20,3415.00,3416.75,3412.75,3413.50,10252,12153
10/07/2020,12:30,3413.75,3415.25,3412.00,3413.50,8421,9144
10/07/2020,12:40,3413.50,3414.75,3408.50,3411.75,13612,14801
10/07/2020,12:50,3411.75,3413.00,3409.50,3412.00,12185,11927
10/07/2020,13:00,3412.00,3415.50,3406.50,3407.00,46715,52770
10/07/2020,13:10,3407.00,3407.75,3403.50,3404.00,19696,21458
10/07/2020,13:20,3403.75,3408.00,3403.75,3407.00,5564,4583
10/07/2020,13:40,3407.75,3409.25,3407.00,3408.00,1496,1194
10/07/2020,13:50,3407.75,3408.75,3406.00,3408.50,1404,1239
10/07/2020,14:00,3408.50,3408.75,3406.50,3407.75,986,921
10/07/2020,15:10,3406.25,3409.00,3405.50,3408.50,884,771
10/07/2020,15:20,3408.75,3410.50,3408.00,3409.50,648,460
10/07/2020,15:30,3409.00,3412.25,3409.00,3410.50,998,1003
10/07/2020,15:40,3410.75,3411.75,3410.50,3411.75,332,385
10/07/2020,15:50,3411.75,3412.75,3409.50,3411.25,800,708
10/07/2020,16:00,3411.25,3412.50,3411.00,3411.00,270,476
10/07/2020,16:10,3411.00,3411.50,3410.75,3411.00,269,219
10/07/2020,16:20,3411.00,3411.25,3410.25,3410.50,429,483
10/07/2020,16:30,3410.50,3411.00,3409.75,3410.25,476,409
10/07/2020,16:40,3410.25,3414.50,3408.50,3414.00,1575,845
10/07/2020,16:50,3414.00,3415.00,3413.50,3414.75,638,622
10/07/2020,17:00,3414.50,3415.50,3413.75,3414.00,328,461
10/07/2020,17:10,3414.00,3414.50,3409.00,3409.00,983,1570
10/07/2020,17:20,3409.25,3411.25,3407.75,3410.75,1034,909
10/07/2020,17:30,3410.75,3412.75,3410.50,3412.75,647,489
10/07/2020,17:40,3412.50,3413.75,3411.75,3412.75,271,420
10/07/2020,17:50,3412.50,3413.25,3411.50,3412.75,529,548
10/07/2020,18:00,3412.75,3413.50,3408.75,3410.50,616,911
10/07/2020,18:10,3410.50,3412.00,3409.00,3411.50,457,406
10/07/2020,18:20,3411.50,3412.50,3409.75,3412.00,1130,1011
10/07/2020,18:30,3412.25,3414.25,3410.00,3411.25,920,657
10/07/2020,18:40,3411.25,3412.75,3408.50,3412.25,1168,940
10/07/2020,18:50,3412.00,3412.50,3410.50,3411.50,485,511
10/07/2020,19:00,3411.50,3421.50,3411.25,3419.00,3691,2536
10/07/2020,19:10,3419.00,3420.50,3417.00,3418.75,986,948
10/07/2020,19:20,3418.75,3419.00,3416.25,3417.25,676,656
10/07/2020,19:30,3417.00,3418.50,3413.50,3415.25,1280,1715
10/07/2020,19:40,3415.50,3417.75,3414.00,3417.25,818,990
10/07/2020,19:50,3417.25,3419.50,3416.50,3417.25,928,731
10/07/2020,20:00,3417.50,3418.50,3416.25,3417.75,685,763
10/07/2020,20:10,3417.75,3419.00,3417.75,3418.50,455,416
10/07/2020,20:20,3418.25,3418.50,3417.25,3417.25,368,542
10/07/2020,20:30,3417.25,3417.75,3416.25,3417.00,518,676
10/07/2020,20:40,3417.00,3417.75,3416.25,3417.00,355,329
10/07/2020,20:50,3417.25,3418.75,3417.00,3418.50,476,444
10/07/2020,21:00,3418.50,3418.75,3416.25,3417.00,161,530
10/07/2020,21:10,3417.00,3418.00,3416.75,3417.50,375,386
10/07/2020,21:20,3417.50,3417.50,3414.75,3415.75,298,483
10/07/2020,21:30,3415.75,3416.50,3415.50,3416.25,405,118
10/07/2020,21:40,3416.25,3417.25,3415.25,3417.25,337,221
10/07/2020,21:50,3417.25,3417.75,3416.50,3416.75,226,273
10/07/2020,22:00,3416.75,3418.50,3416.50,3418.25,259,173
10/07/2020,22:10,3418.50,3419.00,3418.00,3418.75,295,397
10/07/2020,22:20,3418.50,3419.75,3417.50,3419.25,486,426
10/07/2020,22:30,3419.00,3419.50,3416.50,3417.50,275,580
10/07/2020,22:40,3417.50,3418.50,3416.50,3418.25,401,330
10/07/2020,22:50,3418.25,3418.25,3416.75,3416.75,111,268
10/07/2020,23:00,3416.75,3419.50,3416.75,3419.25,529,474
10/07/2020,23:10,3419.25,3428.50,3419.00,3423.75,4781,3232
10/07/2020,23:20,3423.50,3427.25,3423.50,3426.00,1369,1539
10/07/2020,23:30,3426.00,3426.75,3423.75,3425.25,961,1642
10/07/2020,23:40,3425.25,3431.25,3424.50,3429.75,2418,1624
10/07/2020,23:50,3430.00,3431.75,3429.50,3430.75,974,1326
10/08/2020,00:00,3430.75,3433.00,3429.75,3431.25,1585,1433
10/08/2020,00:10,3431.25,3433.00,3428.75,3430.25,2799,3148
10/08/2020,00:20,3430.25,3430.50,3428.00,3429.00,1694,1627
10/08/2020,00:30,3428.75,3430.25,3427.50,3427.50,1271,1676
10/08/2020,00:40,3427.50,3429.50,3426.50,3427.50,1430,1389
10/08/2020,00:50,3427.50,3428.25,3425.50,3426.50,1100,1333
10/08/2020,01:00,3426.25,3426.50,3424.00,3425.00,3030,3276
10/08/2020,01:10,3424.75,3425.75,3423.25,3424.00,1861,1544
10/08/2020,01:20,3424.00,3424.00,3420.00,3420.25,2336,2684
10/08/2020,01:30,3420.00,3420.75,3414.25,3415.50,2568,3697
10/08/2020,01:40,3415.75,3420.25,3415.50,3420.25,2742,1762
10/08/2020,01:50,3420.00,3421.75,3419.00,3421.25,1560,1250
10/08/2020,02:00,3421.25,3422.00,3420.50,3421.50,819,737
10/08/2020,02:10,3421.25,3421.75,3419.50,3421.25,948,1259
10/08/2020,02:20,3421.25,3422.00,3420.00,3421.25,613,750
10/08/2020,02:30,3421.25,3422.25,3419.75,3420.75,1621,1685
10/08/2020,02:40,3420.50,3420.75,3418.25,3418.75,1662,1788
10/08/2020,02:50,3418.75,3420.00,3417.50,3419.00,1160,1145
10/08/2020,03:00,3419.00,3419.25,3417.00,3418.75,1352,1110
10/08/2020,03:10,3418.75,3422.00,3417.75,3421.75,1535,1079
10/08/2020,03:20,3421.75,3422.25,3420.00,3420.00,905,791
10/08/2020,03:30,3420.00,3422.25,3418.75,3421.50,1708,1524
10/08/2020,03:40,3421.50,3424.50,3421.00,3423.25,1567,1449
10/08/2020,03:50,3423.50,3430.75,3421.75,3422.75,4894,4233
10/08/2020,04:00,3422.75,3424.00,3419.50,3420.00,1461,1618
10/08/2020,04:10,3420.25,3421.75,3418.75,3420.25,1570,2210
10/08/2020,04:20,3420.25,3422.25,3419.50,3421.50,1345,1489
10/08/2020,04:30,3421.75,3422.75,3421.25,3422.00,1172,1089
10/08/2020,04:40,3421.75,3422.25,3417.50,3422.00,1909,2030
10/08/2020,04:50,3422.00,3422.75,3420.50,3422.00,1367,1369
10/08/2020,05:00,3422.00,3422.75,3421.25,3421.75,828,978
10/08/2020,05:10,3422.00,3423.75,3420.50,3423.25,1865,1757
10/08/2020,05:20,3423.00,3431.00,3423.00,3426.50,9418,9155
10/08/2020,05:30,3426.75,3429.75,3426.50,3429.00,4683,3271
10/08/2020,05:40,3429.00,3429.50,3423.75,3426.25,5024,5886
10/08/2020,05:50,3426.75,3428.50,3426.25,3428.00,1806,1821
10/08/2020,06:00,3427.75,3428.50,3427.50,3427.75,1331,1781
10/08/2020,06:10,3427.75,3428.75,3426.25,3428.25,3656,3613
10/08/2020,06:20,3428.25,3430.50,3428.00,3428.50,3965,2751
10/08/2020,06:30,3428.25,3429.75,3427.75,3428.50,2999,3659
10/08/2020,06:40,3428.50,3431.00,3424.50,3427.00,23230,24635
10/08/2020,06:50,3427.25,3429.50,3423.00,3423.75,15333,18349
10/08/2020,07:00,3423.75,3432.00,3423.75,3431.50,16982,12646
10/08/2020,07:10,3431.50,3434.75,3422.75,3427.50,24094,25198
10/08/2020,07:20,3427.75,3431.00,3426.00,3428.00,10761,12560
10/08/2020,07:30,3428.00,3430.75,3424.25,3427.50,13152,13596
10/08/2020,07:40,3427.50,3434.75,3427.50,3434.00,12292,11909
10/08/2020,07:50,3434.00,3434.75,3430.25,3432.25,8015,10777
10/08/2020,08:00,3432.25,3436.00,3428.50,3430.00,12162,13382
10/08/2020,08:10,3430.00,3433.75,3427.75,3431.75,10659,10995
10/08/2020,08:20,3431.75,3435.25,3431.25,3432.00,7113,7850
10/08/2020,08:30,3432.00,3434.75,3426.25,3427.25,17832,18946
10/08/2020,08:40,3427.00,3428.50,3418.75,3428.00,22042,19651
10/08/2020,08:50,3428.00,3429.75,3425.75,3427.25,6753,8461
10/08/2020,09:00,3427.50,3427.50,3423.50,3424.50,7633,7917
10/08/2020,09:10,3424.50,3432.50,3424.25,3431.50,11431,9528
10/08/2020,09:20,3431.50,3432.50,3430.25,3431.50,4987,6135
10/08/2020,09:30,3431.50,3434.00,3430.25,3433.00,7170,5836
10/08/2020,09:40,3433.25,3434.50,3433.00,3434.50,3193,3167
10/08/2020,09:50,3434.50,3435.00,3432.25,3434.00,5661,5497
10/08/2020,10:00,3434.00,3434.25,3431.00,3433.25,6178,6449
10/08/2020,10:10,3433.50,3434.25,3431.50,3432.50,5516,4081
10/08/2020,10:20,3432.25,3433.00,3430.50,3430.75,3258,3929
10/08/2020,10:30,3430.50,3431.50,3428.50,3430.75,5157,5704
10/08/2020,10:40,3430.75,3432.25,3430.00,3431.50,4099,3803
10/08/2020,10:50,3431.50,3432.50,3429.75,3431.25,4698,4284
10/08/2020,11:00,3431.25,3432.75,3429.00,3429.50,4133,4373
10/08/2020,11:10,3429.50,3434.50,3428.00,3434.25,9269,7510
10/08/2020,11:20,3434.25,3434.75,3433.00,3434.25,3895,5059
10/08/2020,11:30,3434.00,3435.75,3433.25,3434.00,5243,4157
10/08/2020,11:40,3434.00,3436.00,3433.25,3435.75,5980,4827
10/08/2020,11:50,3435.75,3437.00,3434.25,3436.00,6895,5727
10/08/2020,12:00,3435.75,3436.25,3433.75,3435.25,5051,6869
10/08/2020,12:10,3435.00,3436.00,3430.00,3433.25,9223,9011
10/08/2020,12:20,3433.25,3437.50,3432.25,3434.50,10268,7657
10/08/2020,12:30,3434.50,3437.00,3433.00,3436.50,6697,6535
10/08/2020,12:40,3436.50,3437.50,3435.25,3436.25,9525,8342
10/08/2020,12:50,3436.00,3437.00,3434.50,3435.75,8191,8242
10/08/2020,13:00,3435.75,3438.75,3433.75,3437.75,29202,28721
10/08/2020,13:10,3437.75,3438.50,3435.75,3436.50,11999,11533
10/08/2020,13:20,3436.50,3438.25,3435.00,3437.50,5493,4245
10/08/2020,13:40,3438.00,3439.50,3436.75,3439.00,2103,1429
10/08/2020,13:50,3438.75,3447.00,3438.50,3446.75,5900,2671
10/08/2020,14:00,3446.50,3447.25,3445.00,3446.25,1903,1699
10/08/2020,15:10,3447.25,3452.00,3445.75,3449.50,2604,2646
10/08/2020,15:20,3449.75,3454.50,3449.25,3452.25,2574,1627
10/08/2020,15:30,3452.50,3453.75,3451.75,3453.75,1070,874
10/08/2020,15:40,3453.75,3454.25,3452.00,3452.75,1078,1143
10/08/2020,15:50,3452.75,3452.75,3451.00,3452.00,446,770
10/08/2020,16:00,3452.00,3456.00,3452.00,3452.50,1438,1301
10/08/2020,16:10,3452.75,3454.50,3451.75,3453.00,1357,1372
10/08/2020,16:20,3453.25,3454.00,3451.75,3452.25,822,1549
10/08/2020,16:30,3452.00,3453.25,3450.75,3452.00,1249,927
10/08/2020,16:40,3452.25,3452.25,3450.75,3451.00,329,390
10/08/2020,16:50,3451.00,3452.00,3450.75,3452.00,320,367
10/08/2020,17:00,3452.25,3454.50,3452.00,3453.75,821,512
10/08/2020,17:10,3453.75,3455.75,3452.25,3454.25,1084,1195
10/08/2020,17:20,3454.50,3455.00,3453.00,3453.75,769,805
10/08/2020,17:30,3453.50,3454.00,3449.50,3450.75,1676,2162
10/08/2020,17:40,3451.00,3453.25,3450.25,3453.00,1343,1047
10/08/2020,17:50,3452.75,3453.00,3450.25,3451.75,1583,1565
10/08/2020,18:00,3452.00,3452.50,3450.00,3451.75,526,573
10/08/2020,18:10,3451.75,3452.75,3450.50,3451.50,695,644
10/08/2020,18:20,3451.25,3454.50,3451.25,3453.75,1207,778
10/08/2020,18:30,3453.75,3454.00,3451.50,3452.50,821,850
10/08/2020,18:40,3452.25,3452.75,3450.25,3452.00,739,843
10/08/2020,18:50,3451.75,3452.50,3451.50,3452.25,561,422
10/08/2020,19:00,3452.50,3454.00,3451.75,3453.75,592,521
10/08/2020,19:10,3453.75,3454.50,3453.25,3453.75,406,512
10/08/2020,19:20,3453.75,3454.75,3453.50,3454.75,420,338
10/08/2020,19:30,3454.75,3455.75,3453.75,3454.25,422,431
10/08/2020,19:40,3454.00,3456.75,3454.00,3455.75,784,483
10/08/2020,19:50,3455.75,3456.50,3455.00,3455.00,283,527
10/08/2020,20:00,3454.75,3457.50,3454.50,3457.25,966,412
10/08/2020,20:10,3457.25,3459.25,3457.00,3458.25,949,844
10/08/2020,20:20,3458.25,3459.50,3457.75,3459.00,729,500
10/08/2020,20:30,3459.00,3460.00,3458.25,3459.00,925,715
10/08/2020,20:40,3459.00,3459.00,3457.25,3457.50,418,737
10/08/2020,20:50,3457.25,3458.00,3457.00,3457.75,338,233
10/08/2020,21:00,3457.75,3457.75,3456.50,3456.50,256,278
10/08/2020,21:10,3456.50,3456.75,3455.25,3455.50,287,502
10/08/2020,21:20,3455.50,3455.50,3454.50,3455.50,378,376
10/08/2020,21:30,3455.50,3455.75,3454.75,3455.50,261,87
10/08/2020,21:40,3455.25,3456.25,3454.75,3456.25,505,138
10/08/2020,21:50,3456.25,3456.75,3456.00,3456.25,280,123
10/08/2020,22:00,3456.25,3456.25,3455.00,3455.75,234,319
10/08/2020,22:10,3455.50,3456.00,3453.00,3453.25,477,852
10/08/2020,22:20,3453.25,3453.50,3451.25,3452.75,666,707
10/08/2020,22:30,3453.00,3453.75,3452.00,3452.75,480,507
10/08/2020,22:40,3452.75,3453.25,3452.00,3452.25,561,370
10/08/2020,22:50,3452.25,3453.75,3452.25,3453.50,372,280
10/08/2020,23:00,3453.50,3453.75,3451.00,3451.00,384,765
10/08/2020,23:10,3451.25,3452.25,3448.25,3448.75,1268,1502
10/08/2020,23:20,3448.75,3450.00,3446.25,3449.75,1315,1381
10/08/2020,23:30,3449.75,3451.50,3448.25,3449.00,770,1087
10/08/2020,23:40,3449.00,3450.50,3447.25,3448.50,822,969
10/08/2020,23:50,3448.75,3448.75,3445.25,3446.75,1448,1943
10/09/2020,00:00,3446.75,3447.25,3445.50,3446.75,986,956
10/09/2020,00:10,3447.00,3452.25,3446.75,3451.50,2244,2258
10/09/2020,00:20,3451.50,3452.50,3449.50,3450.00,1706,1697
10/09/2020,00:30,3450.00,3452.00,3449.50,3451.75,1241,1035
10/09/2020,00:40,3452.00,3452.75,3450.25,3451.75,1309,1422
10/09/2020,00:50,3452.00,3452.75,3449.50,3450.00,1176,1771
10/09/2020,01:00,3450.00,3452.00,3449.25,3450.75,1120,1150
10/09/2020,01:10,3451.00,3452.75,3449.75,3450.75,1068,1444
10/09/2020,01:20,3450.75,3451.75,3449.00,3450.00,1168,1533
10/09/2020,01:30,3449.75,3451.50,3449.75,3450.75,685,864
10/09/2020,01:40,3451.00,3451.50,3449.25,3449.50,786,1154
10/09/2020,01:50,3449.75,3451.25,3448.75,3450.50,1071,908
10/09/2020,02:00,3450.75,3454.00,3450.25,3451.00,1272,1661
10/09/2020,02:10,3450.75,3451.50,3449.00,3451.00,773,920
10/09/2020,02:20,3451.25,3451.25,3449.75,3450.50,620,671
10/09/2020,02:30,3450.25,3452.00,3450.00,3450.50,1262,1230
10/09/2020,02:40,3450.50,3451.50,3449.75,3450.75,902,1130
10/09/2020,02:50,3450.75,3451.75,3450.25,3451.75,1128,744
10/09/2020,03:00,3451.50,3452.50,3450.50,3451.25,717,1105
10/09/2020,03:10,3451.00,3453.25,3450.75,3453.00,1367,1233
10/09/2020,03:20,3453.00,3456.25,3452.75,3454.00,2005,1848
10/09/2020,03:30,3454.00,3454.25,3452.00,3452.50,358,685
10/09/2020,03:40,3452.75,3453.75,3452.00,3452.00,747,1105
10/09/2020,03:50,3452.00,3452.00,3449.50,3449.75,962,1529
10/09/2020,04:00,3449.75,3450.00,3447.25,3447.75,2244,2749
10/09/2020,04:10,3447.75,3451.75,3446.75,3451.75,2475,1621
10/09/2020,04:20,3451.75,3452.25,3451.00,3452.00,761,1022
10/09/2020,04:30,3452.00,3454.25,3451.75,3453.50,1205,750
10/09/2020,04:40,3453.50,3455.00,3453.50,3454.50,694,659
10/09/2020,04:50,3454.50,3454.50,3452.75,3453.00,755,892
10/09/2020,05:00,3453.25,3454.25,3452.00,3452.75,1056,1293
10/09/2020,05:10,3452.75,3453.50,3452.00,3452.50,1168,1343
10/09/2020,05:20,3452.50,3454.50,3451.75,3453.50,2067,1187
10/09/2020,05:30,3453.50,3456.25,3452.50,3453.75,4659,3988
10/09/2020,05:40,3454.00,3455.25,3453.00,3455.00,1949,1785
10/09/2020,05:50,3455.00,3456.75,3453.50,3456.50,3786,3259
10/09/2020,06:00,3456.25,3459.75,3456.00,3458.25,4625,3652
10/09/2020,06:10,3458.00,3459.00,3457.00,3458.75,3074,2517
10/09/2020,06:20,3459.00,3459.50,3457.50,3457.50,2153,2450
10/09/2020,06:30,3457.50,3458.50,3455.75,3456.25,3031,4063
10/09/2020,06:40,3456.25,3461.50,3455.50,3456.50,26195,23606
10/09/2020,06:50,3456.50,3459.25,3453.25,3456.75,16831,17368
10/09/2020,07:00,3457.00,3458.25,3451.50,3456.00,17605,20320
10/09/2020,07:10,3456.00,3457.75,3452.00,3452.00,12484,15230
10/09/2020,07:20,3452.25,3455.75,3449.50,3454.00,16218,16184
10/09/2020,07:30,3454.00,3454.00,3449.50,3450.50,11739,13599
10/09/2020,07:40,3450.50,3455.25,3450.25,3454.25,16087,14691
10/09/2020,07:50,3454.50,3457.00,3453.00,3456.75,8929,8579
10/09/2020,08:00,3456.75,3457.25,3455.25,3456.25,6550,8097
10/09/2020,08:10,3456.25,3461.00,3456.00,3460.00,10110,7076
