"Date","Time","Open","High","Low","Close","Up","Down"
10/07/2020,06:31,3384.56,3394.58,3384.56,3394.58,53667,11859
10/07/2020,06:32,3394.98,3399.95,3394.98,3399.95,8026,3119
10/07/2020,06:33,3400.04,3402.43,3399.93,3401.28,6542,4511
10/07/2020,06:34,3401.26,3402.22,3400.14,3402.22,5341,4526
10/07/2020,06:35,3402.26,3402.26,3400.28,3400.50,4885,4517
10/07/2020,06:36,3400.41,3401.90,3400.41,3401.81,5720,2787
10/07/2020,06:37,3401.91,3402.23,3400.36,3400.36,2794,5194
10/07/2020,06:38,3400.34,3400.44,3399.38,3400.01,3835,4321
10/07/2020,06:39,3400.01,3401.04,3399.23,3399.23,3247,3810
10/07/2020,06:40,3399.18,3399.27,3397.77,3397.78,2970,4061
10/07/2020,06:41,3397.81,3400.14,3397.81,3399.97,4557,2857
10/07/2020,06:42,3399.91,3401.69,3399.72,3401.50,4260,3599
10/07/2020,06:43,3401.42,3402.07,3400.82,3401.11,3452,4447
10/07/2020,06:44,3401.11,3402.89,3400.93,3402.89,4938,1888
10/07/2020,06:45,3402.76,3403.67,3402.47,3402.58,3644,4045
10/07/2020,06:46,3402.58,3403.01,3401.44,3401.67,2993,4235
10/07/2020,06:47,3401.62,3402.06,3401.07,3401.09,3738,3119
10/07/2020,06:48,3400.96,3401.71,3400.29,3401.11,2962,3296
10/07/2020,06:49,3401.02,3403.14,3401.02,3402.82,3475,2612
10/07/2020,06:50,3402.79,3403.09,3402.23,3402.32,2303,3473
10/07/2020,06:51,3402.25,3402.25,3400.75,3400.75,2028,4247
10/07/2020,06:52,3400.89,3402.01,3400.89,3402.01,3119,2205
10/07/2020,06:53,3402.03,3403.55,3402.03,3402.19,3722,3072
10/07/2020,06:54,3402.18,3403.86,3402.18,3402.57,2986,2741
10/07/2020,06:55,3402.53,3403.72,3402.16,3403.72,3530,1552
10/07/2020,06:56,3403.80,3404.98,3403.12,3403.48,2901,3393
10/07/2020,06:57,3403.56,3404.19,3403.31,3403.65,2778,2540
10/07/2020,06:58,3403.57,3403.74,3402.16,3402.16,1809,3046
10/07/2020,06:59,3402.15,3402.83,3399.61,3399.61,2001,4214
10/07/2020,07:00,3399.62,3400.79,3399.45,3400.24,3717,2601
10/07/2020,07:01,3400.24,3400.73,3398.80,3399.17,3355,4056
10/07/2020,07:02,3399.08,3399.13,3397.50,3397.75,3731,4391
10/07/2020,07:03,3397.75,3399.43,3397.75,3399.20,3963,2384
10/07/2020,07:04,3399.14,3399.14,3396.57,3397.51,3164,3614
10/07/2020,07:05,3397.49,3399.21,3397.04,3399.21,3649,1640
10/07/2020,07:06,3399.26,3399.88,3399.18,3399.64,4657,3014
10/07/2020,07:07,3399.66,3399.74,3398.50,3398.69,2260,3193
10/07/2020,07:08,3398.68,3398.76,3397.40,3398.57,2898,2576
10/07/2020,07:09,3398.61,3399.58,3398.20,3399.35,4266,1907
10/07/2020,07:10,3399.60,3401.87,3399.60,3401.39,3687,1804
10/07/2020,07:11,3401.45,3401.84,3396.81,3396.81,1681,4334
10/07/2020,07:12,3396.72,3396.72,3394.84,3395.94,2372,2596
10/07/2020,07:13,3395.91,3397.55,3395.91,3396.29,2105,2463
10/07/2020,07:14,3396.18,3396.18,3394.39,3395.50,3010,2149
10/07/2020,07:15,3395.43,3396.10,3394.83,3395.10,1809,2660
10/07/2020,07:16,3395.03,3396.82,3395.03,3395.57,2940,1785
10/07/2020,07:17,3395.75,3398.22,3395.75,3398.15,3509,933
10/07/2020,07:18,3398.19,3399.89,3398.19,3399.88,4943,1930
10/07/2020,07:19,3399.95,3400.92,3399.42,3400.92,3299,1904
10/07/2020,07:20,3400.96,3402.53,3400.24,3402.53,4408,1983
10/07/2020,07:21,3402.54,3403.82,3401.68,3403.34,4405,2561
10/07/2020,07:22,3403.40,3404.60,3403.40,3404.22,3346,2674
10/07/2020,07:23,3403.99,3404.84,3403.96,3404.56,2965,1570
10/07/2020,07:24,3404.57,3404.69,3402.92,3402.92,2989,3013
10/07/2020,07:25,3402.75,3403.56,3401.59,3403.37,4018,2349
10/07/2020,07:26,3403.36,3403.53,3402.09,3402.43,2435,2455
10/07/2020,07:27,3402.44,3403.82,3402.44,3403.61,2708,1538
10/07/2020,07:28,3403.67,3403.92,3401.94,3401.98,3044,2390
10/07/2020,07:29,3401.89,3403.52,3401.75,3403.42,2976,1594
10/07/2020,07:30,3403.39,3405.37,3403.39,3403.61,3468,2692
10/07/2020,07:31,3403.51,3407.38,3402.44,3407.10,4482,4597
10/07/2020,07:32,3407.16,3407.16,3405.34,3405.36,2192,3255
10/07/2020,07:33,3405.35,3407.06,3405.21,3407.06,2875,1588
10/07/2020,07:34,3407.17,3407.51,3406.77,3406.82,2060,2576
10/07/2020,07:35,3406.80,3406.80,3405.33,3405.36,2028,3012
10/07/2020,07:36,3405.32,3405.43,3404.60,3405.04,3482,2090
10/07/2020,07:37,3405.02,3405.02,3404.23,3404.61,2687,2504
10/07/2020,07:38,3404.55,3404.55,3403.87,3403.92,2067,2720
10/07/2020,07:39,3403.77,3404.43,3403.37,3403.37,1708,2047
10/07/2020,07:40,3403.42,3403.77,3400.92,3401.41,1469,3634
10/07/2020,07:41,3401.55,3402.73,3400.94,3402.25,2941,1997
10/07/2020,07:42,3402.21,3402.98,3401.74,3402.57,1833,2100
10/07/2020,07:43,3402.54,3402.84,3401.99,3402.16,2252,2586
10/07/2020,07:44,3402.14,3402.17,3400.70,3401.36,2541,2721
10/07/2020,07:45,3401.36,3402.70,3401.04,3402.70,2576,1805
10/07/2020,07:46,3402.80,3404.50,3402.80,3404.38,3293,1492
10/07/2020,07:47,3404.41,3404.55,3403.83,3404.04,1320,2148
10/07/2020,07:48,3403.96,3403.96,3401.59,3402.48,1967,2186
10/07/2020,07:49,3402.57,3404.46,3402.57,3404.43,3013,1044
10/07/2020,07:50,3404.35,3404.84,3404.35,3404.73,1688,1420
10/07/2020,07:51,3404.80,3406.42,3404.67,3406.01,2611,1925
10/07/2020,07:52,3406.00,3406.07,3405.70,3405.94,1436,1917
10/07/2020,07:53,3405.92,3406.06,3404.91,3405.13,1817,2238
10/07/2020,07:54,3405.14,3405.88,3405.14,3405.45,1661,1584
10/07/2020,07:55,3405.45,3406.20,3405.45,3405.72,1887,1733
10/07/2020,07:56,3405.56,3405.66,3404.68,3405.32,1807,1943
10/07/2020,07:57,3405.35,3406.03,3405.35,3405.58,2186,1199
10/07/2020,07:58,3405.65,3406.09,3405.25,3405.92,1425,1690
10/07/2020,07:59,3405.86,3406.61,3405.56,3405.56,1961,1740
10/07/2020,08:00,3405.56,3406.01,3404.99,3405.07,1520,2532
10/07/2020,08:01,3405.13,3406.54,3404.55,3404.55,2517,2441
10/07/2020,08:02,3404.53,3405.02,3404.22,3404.52,1536,2243
10/07/2020,08:03,3404.59,3405.38,3404.59,3405.35,1695,1494
10/07/2020,08:04,3405.36,3405.88,3405.02,3405.10,2048,2617
10/07/2020,08:05,3405.11,3405.80,3405.11,3405.70,1754,1715
10/07/2020,08:06,3405.70,3407.31,3405.70,3407.06,2874,1948
10/07/2020,08:07,3407.15,3408.00,3407.15,3407.63,2419,1641
10/07/2020,08:08,3407.62,3407.93,3407.35,3407.41,1759,1793
10/07/2020,08:09,3407.36,3407.81,3407.15,3407.39,2145,1793
10/07/2020,08:10,3407.39,3407.86,3407.15,3407.30,1729,2405
10/07/2020,08:11,3407.31,3408.65,3407.31,3408.04,2452,1797
10/07/2020,08:12,3407.94,3407.96,3406.61,3407.07,1426,2107
10/07/2020,08:13,3407.03,3407.03,3406.18,3406.34,1532,1957
10/07/2020,08:14,3406.37,3406.55,3404.55,3404.55,1693,2750
10/07/2020,08:15,3404.54,3405.11,3404.24,3405.08,1816,2128
10/07/2020,08:16,3405.09,3405.15,3404.37,3404.41,1659,1738
10/07/2020,08:17,3404.46,3405.03,3404.46,3405.02,2047,1368
10/07/2020,08:18,3405.08,3405.65,3405.08,3405.65,2768,1921
10/07/2020,08:19,3405.65,3405.69,3403.56,3403.56,1554,1549
10/07/2020,08:20,3403.38,3404.65,3403.38,3404.64,2112,1741
10/07/2020,08:21,3404.59,3404.65,3403.05,3403.63,2416,2602
10/07/2020,08:22,3403.60,3404.78,3403.60,3404.06,1956,1302
10/07/2020,08:23,3404.07,3404.57,3403.92,3404.57,2258,944
10/07/2020,08:24,3404.61,3404.72,3404.25,3404.40,1815,1573
10/07/2020,08:25,3404.44,3404.92,3404.01,3404.92,1911,1410
10/07/2020,08:26,3404.95,3405.40,3404.27,3404.27,1364,2487
10/07/2020,08:27,3404.30,3404.35,3403.07,3403.36,1897,2498
10/07/2020,08:28,3402.40,3403.32,3402.20,3402.86,2494,2250
10/07/2020,08:29,3402.88,3404.54,3402.86,3404.54,2559,733
10/07/2020,08:30,3404.58,3405.89,3404.58,3405.23,2635,1682
10/07/2020,08:31,3405.23,3406.23,3405.23,3406.11,2160,1293
10/07/2020,08:32,3406.14,3406.78,3404.54,3404.77,1702,3213
10/07/2020,08:33,3404.79,3405.80,3404.73,3405.70,2039,1051
10/07/2020,08:34,3405.66,3406.01,3405.53,3405.61,1357,1840
10/07/2020,08:35,3405.63,3406.36,3405.44,3406.23,2353,1853
10/07/2020,08:36,3406.10,3406.24,3404.96,3405.11,1221,2082
10/07/2020,08:37,3405.17,3405.19,3404.62,3404.64,1296,1809
10/07/2020,08:38,3404.61,3404.80,3404.06,3404.49,1625,2365
10/07/2020,08:39,3404.67,3405.16,3404.10,3404.71,2497,1731
10/07/2020,08:40,3404.71,3405.22,3404.36,3405.22,1961,1025
10/07/2020,08:41,3405.23,3406.94,3405.23,3406.93,2348,1158
10/07/2020,08:42,3406.95,3407.29,3405.68,3405.69,1290,2344
10/07/2020,08:43,3405.68,3405.97,3405.07,3405.12,1587,2171
10/07/2020,08:44,3405.16,3405.85,3405.16,3405.85,1842,1325
10/07/2020,08:45,3405.88,3406.49,3405.50,3406.01,2630,1587
10/07/2020,08:46,3406.02,3406.43,3405.94,3406.30,1587,1838
10/07/2020,08:47,3406.29,3406.60,3405.89,3405.90,1463,1369
10/07/2020,08:48,3405.86,3405.90,3405.55,3405.86,1139,1417
10/07/2020,08:49,3405.84,3406.22,3405.35,3405.37,1241,1687
10/07/2020,08:50,3405.39,3406.14,3405.39,3405.87,1416,1037
10/07/2020,08:51,3405.89,3406.52,3404.68,3404.98,1497,2106
10/07/2020,08:52,3405.00,3405.26,3404.67,3404.78,1597,988
10/07/2020,08:53,3404.80,3405.01,3404.45,3404.45,1074,1527
10/07/2020,08:54,3404.52,3404.94,3404.25,3404.34,1360,1487
10/07/2020,08:55,3404.35,3404.73,3404.00,3404.37,1481,1280
10/07/2020,08:56,3404.34,3404.73,3404.33,3404.66,1440,917
10/07/2020,08:57,3404.65,3405.59,3404.64,3405.59,1848,1050
10/07/2020,08:58,3405.39,3405.44,3404.33,3404.58,1430,2156
10/07/2020,08:59,3404.61,3404.82,3404.59,3404.80,1378,942
10/07/2020,09:00,3404.78,3404.89,3404.28,3404.29,1079,1295
10/07/2020,09:01,3404.25,3404.87,3404.25,3404.85,1399,1121
10/07/2020,09:02,3404.85,3405.25,3404.41,3404.56,2003,1273
10/07/2020,09:03,3404.59,3405.29,3404.59,3404.99,1306,1061
10/07/2020,09:04,3404.95,3404.95,3403.62,3403.75,1259,1546
10/07/2020,09:05,3403.79,3403.87,3403.35,3403.38,1654,1460
10/07/2020,09:06,3403.32,3403.56,3403.07,3403.28,1513,1301
10/07/2020,09:07,3403.29,3404.29,3402.91,3404.25,2238,1216
10/07/2020,09:08,3404.25,3404.66,3404.06,3404.12,1480,1066
10/07/2020,09:09,3404.16,3404.79,3404.16,3404.30,1411,1129
10/07/2020,09:10,3404.27,3404.38,3403.41,3403.45,863,1951
10/07/2020,09:11,3403.40,3404.77,3403.25,3404.59,2256,974
10/07/2020,09:12,3404.62,3404.84,3404.46,3404.53,1121,1283
10/07/2020,09:13,3404.52,3404.66,3404.10,3404.66,1479,1662
10/07/2020,09:14,3404.56,3404.86,3404.37,3404.77,2096,1668
10/07/2020,09:15,3404.80,3405.22,3404.70,3405.01,2141,1516
10/07/2020,09:16,3404.94,3405.19,3404.50,3404.54,1495,1968
10/07/2020,09:17,3404.54,3405.28,3403.80,3405.26,2812,1516
10/07/2020,09:18,3405.30,3405.73,3405.27,3405.69,2202,1263
10/07/2020,09:19,3405.73,3405.74,3404.73,3404.73,1295,1981
10/07/2020,09:20,3404.64,3404.95,3404.29,3404.91,1834,1171
10/07/2020,09:21,3404.92,3405.50,3404.91,3405.21,1656,1356
10/07/2020,09:22,3405.20,3405.30,3404.83,3405.23,1777,1132
10/07/2020,09:23,3405.24,3405.34,3405.00,3405.04,1666,1384
10/07/2020,09:24,3405.05,3405.27,3404.74,3405.21,1502,1176
10/07/2020,09:25,3405.18,3405.57,3404.81,3405.49,1956,1270
10/07/2020,09:26,3405.48,3406.57,3405.46,3406.53,2290,1034
10/07/2020,09:27,3406.55,3406.56,3404.65,3404.65,1584,1852
10/07/2020,09:28,3404.53,3404.53,3396.39,3400.48,5250,5560
10/07/2020,09:29,3400.59,3400.59,3399.25,3399.72,1685,1395
10/07/2020,09:30,3399.67,3401.00,3398.93,3400.79,1490,1600
10/07/2020,09:31,3400.83,3402.62,3400.82,3402.55,2165,813
10/07/2020,09:32,3402.41,3405.62,3402.41,3405.57,2311,981
10/07/2020,09:33,3405.49,3405.86,3405.10,3405.46,1498,1503
10/07/2020,09:34,3405.45,3405.95,3405.00,3405.13,2178,998
10/07/2020,09:35,3405.20,3405.27,3404.84,3404.87,1176,1038
10/07/2020,09:36,3404.88,3405.08,3404.60,3404.70,1405,904
10/07/2020,09:37,3404.71,3404.86,3403.95,3404.22,1214,1022
10/07/2020,09:38,3404.23,3405.01,3403.03,3403.27,1484,2240
10/07/2020,09:39,3403.30,3403.80,3403.17,3403.68,1469,1068
10/07/2020,09:40,3403.68,3404.90,3403.68,3404.26,1435,1023
10/07/2020,09:41,3404.26,3404.59,3404.07,3404.27,945,1373
10/07/2020,09:42,3404.28,3404.86,3404.27,3404.75,1133,1091
10/07/2020,09:43,3404.72,3405.00,3404.36,3404.53,940,984
10/07/2020,09:44,3404.55,3404.95,3404.41,3404.47,1157,1153
10/07/2020,09:45,3404.50,3404.95,3404.25,3404.47,1191,927
10/07/2020,09:46,3404.44,3404.70,3403.83,3404.01,1273,1451
10/07/2020,09:47,3404.03,3404.36,3403.88,3404.20,1156,975
10/07/2020,09:48,3404.22,3404.68,3403.96,3404.05,1151,1458
10/07/2020,09:49,3403.96,3405.14,3403.01,3404.78,2187,1713
10/07/2020,09:50,3404.73,3404.90,3404.43,3404.90,1725,1547
10/07/2020,09:51,3404.89,3405.19,3404.56,3404.62,1196,2001
10/07/2020,09:52,3404.63,3404.63,3403.16,3403.73,1165,1627
10/07/2020,09:53,3403.78,3404.35,3403.78,3404.17,1548,591
10/07/2020,09:54,3404.16,3404.39,3403.56,3403.56,948,1461
10/07/2020,09:55,3403.45,3404.02,3403.13,3403.21,1178,1845
10/07/2020,09:56,3403.20,3404.05,3403.09,3403.82,1298,1199
10/07/2020,09:57,3403.81,3404.23,3403.79,3404.23,1671,783
10/07/2020,09:58,3404.26,3404.48,3404.12,3404.48,998,913
10/07/2020,09:59,3404.49,3404.68,3404.25,3404.54,1285,1273
10/07/2020,10:00,3404.54,3406.13,3404.40,3405.99,2924,1984
10/07/2020,10:01,3406.02,3407.06,3406.01,3407.06,1868,992
10/07/2020,10:02,3407.06,3407.06,3406.45,3406.73,1439,1473
10/07/2020,10:03,3406.76,3406.97,3406.35,3406.39,1158,1384
10/07/2020,10:04,3406.30,3407.38,3406.13,3407.38,1957,1383
10/07/2020,10:05,3407.40,3407.72,3407.38,3407.72,1675,1147
10/07/2020,10:06,3407.81,3407.81,3407.47,3407.49,1014,1537
10/07/2020,10:07,3407.48,3407.80,3406.84,3406.95,995,1732
10/07/2020,10:08,3406.99,3407.52,3406.65,3407.46,1690,1398
10/07/2020,10:09,3407.44,3407.89,3407.44,3407.69,1096,1373
10/07/2020,10:10,3407.60,3407.63,3407.37,3407.38,1414,2393
10/07/2020,10:11,3407.47,3407.47,3406.73,3406.82,1028,1846
10/07/2020,10:12,3406.80,3406.98,3406.50,3406.57,1075,1668
10/07/2020,10:13,3406.56,3407.53,3406.56,3407.53,1909,1479
10/07/2020,10:14,3407.53,3407.76,3407.42,3407.42,1199,1690
10/07/2020,10:15,3407.41,3407.47,3406.63,3406.63,646,2452
10/07/2020,10:16,3406.63,3406.78,3406.52,3406.53,1349,1160
10/07/2020,10:17,3406.50,3407.71,3406.31,3407.71,1645,820
10/07/2020,10:18,3407.66,3407.66,3406.62,3406.62,505,1525
10/07/2020,10:19,3406.65,3407.12,3406.65,3407.08,1363,900
10/07/2020,10:20,3407.02,3408.05,3406.96,3408.05,1915,977
10/07/2020,10:21,3408.05,3408.10,3407.69,3407.93,1055,1488
10/07/2020,10:22,3407.93,3407.94,3406.89,3407.68,1634,1363
10/07/2020,10:23,3407.69,3408.10,3407.50,3407.50,1055,1311
10/07/2020,10:24,3407.54,3407.80,3407.38,3407.80,1204,932
10/07/2020,10:25,3407.80,3408.81,3407.80,3408.79,1756,881
10/07/2020,10:26,3408.78,3408.78,3408.31,3408.49,1226,1494
10/07/2020,10:27,3408.49,3408.51,3407.85,3407.85,1183,1760
10/07/2020,10:28,3408.03,3408.03,3407.61,3407.84,918,1110
10/07/2020,10:29,3407.82,3407.94,3407.71,3407.71,1090,859
10/07/2020,10:30,3407.73,3408.25,3407.73,3408.16,1430,895
10/07/2020,10:31,3408.16,3409.28,3408.16,3408.86,1552,2639
10/07/2020,10:32,3408.87,3409.04,3408.39,3408.54,1112,1427
10/07/2020,10:33,3408.53,3408.81,3408.43,3408.66,1133,1161
10/07/2020,10:34,3408.64,3409.19,3408.64,3409.17,1083,846
10/07/2020,10:35,3409.15,3409.33,3408.30,3408.75,1396,1606
10/07/2020,10:36,3408.77,3409.45,3408.77,3409.45,1401,956
10/07/2020,10:37,3409.47,3409.74,3409.17,3409.17,1280,1435
10/07/2020,10:38,3409.14,3409.32,3408.70,3409.23,1447,1078
10/07/2020,10:39,3409.20,3409.77,3409.19,3409.67,1308,813
10/07/2020,10:40,3409.68,3409.75,3409.24,3409.64,1154,1132
10/07/2020,10:41,3409.70,3409.70,3409.39,3409.58,1189,1344
10/07/2020,10:42,3409.60,3409.92,3409.58,3409.92,2277,1149
10/07/2020,10:43,3409.92,3410.10,3409.79,3410.06,1339,1204
10/07/2020,10:44,3410.06,3410.06,3409.56,3409.62,950,2076
10/07/2020,10:45,3409.62,3414.76,3409.60,3414.64,7779,2796
10/07/2020,10:46,3414.65,3414.67,3413.57,3413.85,1796,2758
10/07/2020,10:47,3413.83,3414.61,3413.83,3414.60,1825,792
10/07/2020,10:48,3414.50,3415.21,3414.48,3414.96,1761,1691
10/07/2020,10:49,3414.99,3415.60,3414.88,3415.58,2013,1444
10/07/2020,10:50,3415.57,3415.90,3415.27,3415.90,1391,1011
10/07/2020,10:51,3415.85,3416.17,3415.68,3415.89,1965,2584
10/07/2020,10:52,3415.90,3417.45,3415.90,3417.45,2480,1968
10/07/2020,10:53,3417.48,3417.98,3417.43,3417.73,2093,1485
10/07/2020,10:54,3417.69,3417.97,3417.69,3417.72,1563,1412
10/07/2020,10:55,3417.77,3418.29,3417.70,3417.92,1516,1530
10/07/2020,10:56,3417.93,3417.93,3417.11,3417.11,1431,1913
10/07/2020,10:57,3417.09,3417.09,3415.70,3415.87,919,2885
10/07/2020,10:58,3415.86,3416.06,3415.67,3415.70,1272,1865
10/07/2020,10:59,3415.71,3416.15,3415.66,3415.86,1737,1081
10/07/2020,11:00,3415.83,3415.83,3413.52,3414.03,1620,3474
10/07/2020,11:01,3414.01,3415.12,3414.00,3415.08,1360,1635
10/07/2020,11:02,3415.19,3416.24,3415.19,3416.01,1782,923
10/07/2020,11:03,3416.06,3417.41,3416.06,3417.38,1656,1421
10/07/2020,11:04,3417.43,3417.71,3416.02,3416.02,1309,2201
10/07/2020,11:05,3415.87,3416.67,3415.71,3416.37,1413,1249
10/07/2020,11:06,3416.34,3416.37,3415.29,3415.51,824,1794
10/07/2020,11:07,3415.64,3416.36,3415.52,3416.35,1054,1698
10/07/2020,11:08,3416.38,3416.38,3414.73,3415.03,1023,1900
10/07/2020,11:09,3414.96,3414.96,3413.15,3413.15,1154,1753
10/07/2020,11:10,3413.16,3414.90,3413.11,3414.54,1649,1055
10/07/2020,11:11,3414.59,3415.39,3414.22,3414.60,2196,1591
10/07/2020,11:12,3414.60,3415.91,3414.60,3415.09,2153,1650
10/07/2020,11:13,3415.12,3415.17,3414.77,3415.03,1452,1280
10/07/2020,11:14,3415.00,3415.27,3414.67,3414.99,1315,1061
10/07/2020,11:15,3415.02,3415.05,3414.12,3414.66,1093,1398
10/07/2020,11:16,3414.72,3415.85,3414.37,3414.74,2154,1762
10/07/2020,11:17,3414.76,3415.99,3414.72,3415.99,1823,350
10/07/2020,11:18,3415.98,3417.18,3415.95,3417.18,1818,645
10/07/2020,11:19,3417.19,3417.19,3416.58,3416.89,1106,1366
10/07/2020,11:20,3416.98,3419.59,3416.90,3419.46,3001,2188
10/07/2020,11:21,3419.34,3419.76,3418.74,3419.46,1615,2204
10/07/2020,11:22,3419.47,3419.50,3418.85,3419.29,1451,1171
10/07/2020,11:23,3419.31,3419.31,3418.81,3419.25,1130,1520
10/07/2020,11:24,3419.23,3422.63,3419.13,3422.07,2097,6088
10/07/2020,11:25,3422.04,3422.04,3421.48,3421.65,1909,1480
10/07/2020,11:26,3421.64,3421.88,3421.53,3421.69,1266,1768
10/07/2020,11:27,3421.63,3421.64,3421.09,3421.17,1228,1458
10/07/2020,11:28,3421.15,3422.64,3421.11,3422.62,1600,1714
10/07/2020,11:29,3422.63,3422.63,3421.88,3421.91,1125,2129
10/07/2020,11:30,3421.92,3422.23,3421.70,3422.13,1846,1820
10/07/2020,11:31,3422.12,3422.26,3421.52,3421.52,1178,1957
10/07/2020,11:32,3421.49,3422.30,3421.49,3422.22,2018,1065
10/07/2020,11:33,3422.20,3422.64,3421.95,3422.64,1901,1534
10/07/2020,11:34,3422.62,3423.22,3422.62,3422.71,1769,1750
10/07/2020,11:35,3422.66,3422.66,3421.73,3421.81,1067,2160
10/07/2020,11:36,3421.81,3422.20,3421.16,3421.55,1703,1526
10/07/2020,11:37,3421.57,3421.84,3421.14,3421.84,1777,1166
10/07/2020,11:38,3421.84,3422.08,3421.44,3421.64,1168,1405
10/07/2020,11:39,3421.61,3421.61,3421.19,3421.34,1045,1505
10/07/2020,11:40,3421.34,3421.54,3421.08,3421.15,1484,1607
10/07/2020,11:41,3421.16,3421.48,3419.78,3419.83,1442,2521
10/07/2020,11:42,3419.83,3419.83,3417.34,3417.99,1685,3147
10/07/2020,11:43,3418.04,3419.83,3418.04,3419.51,1822,1718
10/07/2020,11:44,3419.45,3419.64,3419.33,3419.57,1278,971
10/07/2020,11:45,3419.60,3420.01,3419.27,3419.71,1725,1609
10/07/2020,11:46,3419.72,3420.59,3419.65,3420.54,1530,1208
10/07/2020,11:47,3420.41,3420.80,3419.94,3419.94,1579,1800
10/07/2020,11:48,3419.84,3420.23,3419.54,3420.22,1320,1423
10/07/2020,11:49,3420.20,3421.18,3420.17,3420.92,1577,1082
10/07/2020,11:50,3420.92,3421.29,3420.62,3420.64,1243,1632
10/07/2020,11:51,3420.60,3421.08,3420.55,3420.56,1310,1374
10/07/2020,11:52,3420.68,3421.05,3420.57,3420.83,1174,1510
10/07/2020,11:53,3420.81,3421.45,3420.60,3421.26,1537,1484
10/07/2020,11:54,3421.26,3422.47,3421.26,3422.37,2384,1013
10/07/2020,11:55,3422.36,3422.50,3422.18,3422.34,1421,1756
10/07/2020,11:56,3422.32,3422.88,3422.28,3422.88,1964,1277
10/07/2020,11:57,3422.87,3423.61,3422.87,3423.61,2241,1154
10/07/2020,11:58,3423.65,3423.66,3423.14,3423.21,998,1328
10/07/2020,11:59,3423.18,3423.41,3422.74,3422.74,1365,2102
10/07/2020,12:00,3422.68,3423.28,3422.43,3422.44,1218,1788
10/07/2020,12:01,3422.42,3422.45,3421.57,3422.19,1705,2157
10/07/2020,12:02,3422.21,3422.64,3422.12,3422.48,1105,1621
10/07/2020,12:03,3422.47,3422.63,3422.22,3422.52,2496,1586
10/07/2020,12:04,3422.55,3423.40,3422.55,3423.16,2294,1199
10/07/2020,12:05,3423.13,3423.13,3422.22,3423.07,1729,1546
10/07/2020,12:06,3423.12,3424.36,3423.12,3423.75,2371,1882
10/07/2020,12:07,3423.74,3425.59,3422.98,3425.20,3483,2812
10/07/2020,12:08,3425.22,3425.28,3423.63,3424.04,1058,2222
10/07/2020,12:09,3424.07,3424.45,3424.07,3424.44,1624,837
10/07/2020,12:10,3424.44,3425.13,3424.44,3425.01,2302,1310
10/07/2020,12:11,3425.03,3425.91,3424.83,3425.91,3392,1069
10/07/2020,12:12,3425.89,3426.26,3425.30,3425.31,1454,2916
10/07/2020,12:13,3425.31,3425.69,3425.11,3425.69,1986,1569
10/07/2020,12:14,3425.69,3425.73,3425.02,3425.02,929,2426
10/07/2020,12:15,3425.00,3425.00,3424.54,3424.64,1420,2284
10/07/2020,12:16,3424.66,3425.40,3423.27,3423.57,2648,2986
10/07/2020,12:17,3423.54,3423.94,3423.54,3423.83,1703,1697
10/07/2020,12:18,3423.84,3424.40,3423.56,3423.80,1919,1828
10/07/2020,12:19,3423.85,3424.48,3423.80,3423.87,2124,2008
10/07/2020,12:20,3423.86,3424.36,3423.79,3423.81,1883,1988
10/07/2020,12:21,3423.81,3424.92,3423.81,3424.79,2048,1870
10/07/2020,12:22,3424.79,3424.84,3424.21,3424.41,2351,1595
10/07/2020,12:23,3424.44,3424.47,3423.61,3424.01,2102,2218
10/07/2020,12:24,3423.99,3424.56,3423.87,3424.05,2346,2134
10/07/2020,12:25,3424.08,3424.16,3423.83,3424.11,1682,2198
10/07/2020,12:26,3424.11,3424.48,3423.91,3424.30,2311,1578
10/07/2020,12:27,3424.27,3424.75,3423.95,3423.97,2259,2213
10/07/2020,12:28,3423.98,3424.08,3423.23,3423.48,2915,2510
10/07/2020,12:29,3423.44,3423.48,3422.28,3422.28,1490,3736
10/07/2020,12:30,3422.29,3423.31,3422.29,3423.30,3524,1391
10/07/2020,12:31,3423.31,3424.27,3423.06,3423.74,3229,2840
10/07/2020,12:32,3423.75,3423.80,3423.39,3423.42,2255,2430
10/07/2020,12:33,3423.44,3423.52,3420.47,3420.54,1734,4634
10/07/2020,12:34,3420.49,3421.85,3420.49,3420.83,3587,2350
10/07/2020,12:35,3420.86,3420.86,3419.64,3419.74,1775,3679
10/07/2020,12:36,3419.69,3420.61,3419.69,3420.06,3071,2723
10/07/2020,12:37,3420.06,3420.77,3419.76,3419.76,2128,3594
10/07/2020,12:38,3419.72,3419.91,3418.79,3419.90,2524,3088
10/07/2020,12:39,3420.10,3421.31,3420.10,3420.44,3368,2419
10/07/2020,12:40,3420.44,3421.36,3419.67,3421.35,3802,1389
10/07/2020,12:41,3421.48,3422.24,3420.86,3422.24,3927,2212
10/07/2020,12:42,3422.21,3422.61,3421.87,3422.11,2652,2767
10/07/2020,12:43,3422.10,3422.12,3421.24,3421.36,1617,2591
10/07/2020,12:44,3421.37,3421.84,3420.88,3420.88,1701,3515
10/07/2020,12:45,3420.83,3421.30,3420.31,3421.04,3392,2656
10/07/2020,12:46,3421.03,3421.56,3419.88,3420.47,3101,4214
10/07/2020,12:47,3420.48,3421.50,3420.33,3421.46,3279,2684
10/07/2020,12:48,3421.44,3421.44,3420.14,3420.60,3461,4424
10/07/2020,12:49,3420.68,3420.90,3419.68,3420.47,4386,3873
10/07/2020,12:50,3420.48,3421.71,3420.25,3421.71,4528,2731
10/07/2020,12:51,3421.69,3422.62,3420.08,3420.10,4246,8994
10/07/2020,12:52,3420.12,3421.69,3420.12,3421.60,5940,3454
10/07/2020,12:53,3421.47,3421.56,3420.58,3421.36,4735,5141
10/07/2020,12:54,3421.35,3422.03,3420.49,3422.03,5734,4337
10/07/2020,12:55,3422.02,3424.98,3421.79,3424.98,8447,5456
10/07/2020,12:56,3424.89,3424.89,3421.97,3422.53,6462,9625
10/07/2020,12:57,3422.36,3423.29,3421.39,3422.94,9734,5730
10/07/2020,12:58,3422.97,3422.97,3421.77,3421.99,6944,9679
10/07/2020,12:59,3422.21,3422.21,3420.02,3420.02,12154,10962
10/07/2020,13:00,3419.98,3421.66,3418.44,3419.44,266208,20789
10/08/2020,06:31,3434.28,3437.70,3434.28,3437.02,54450,7059
10/08/2020,06:32,3437.14,3437.23,3435.43,3435.43,5837,6991
10/08/2020,06:33,3435.37,3438.42,3434.29,3438.38,7474,4847
10/08/2020,06:34,3438.46,3439.09,3437.40,3438.22,5236,6108
10/08/2020,06:35,3437.93,3437.93,3435.94,3435.94,3157,5730
10/08/2020,06:36,3435.86,3436.35,3434.67,3436.07,4922,5221
10/08/2020,06:37,3436.38,3436.84,3434.89,3436.47,5086,2941
10/08/2020,06:38,3436.61,3436.73,3435.93,3436.48,4011,3347
10/08/2020,06:39,3436.47,3437.00,3436.22,3436.74,4055,3780
10/08/2020,06:40,3436.65,3436.88,3435.66,3436.73,4135,2758
10/08/2020,06:41,3436.77,3438.43,3436.77,3437.48,3996,3326
10/08/2020,06:42,3437.41,3437.52,3435.69,3435.99,2912,4084
10/08/2020,06:43,3436.05,3436.31,3435.68,3435.83,4630,2782
10/08/2020,06:44,3435.79,3437.61,3434.67,3437.61,5474,3610
10/08/2020,06:45,3437.47,3438.03,3437.01,3437.40,3378,3510
10/08/2020,06:46,3437.27,3438.21,3437.00,3438.21,5141,3302
10/08/2020,06:47,3438.26,3439.07,3436.41,3436.86,3417,4346
10/08/2020,06:48,3436.89,3436.89,3434.40,3435.41,2321,3830
10/08/2020,06:49,3435.45,3435.45,3433.85,3434.52,2736,2903
10/08/2020,06:50,3434.44,3435.11,3433.32,3433.42,3148,3694
10/08/2020,06:51,3433.38,3434.60,3433.34,3434.41,3163,1889
10/08/2020,06:52,3434.47,3435.19,3434.21,3434.80,2955,2523
10/08/2020,06:53,3434.96,3437.19,3434.96,3437.19,3771,2064
10/08/2020,06:54,3437.23,3437.94,3436.71,3437.85,3753,2589
10/08/2020,06:55,3437.84,3440.49,3437.84,3439.78,4343,3737
10/08/2020,06:56,3439.89,3441.34,3439.28,3441.34,4400,1955
10/08/2020,06:57,3441.30,3441.36,3440.78,3441.26,3094,3314
10/08/2020,06:58,3441.28,3441.60,3441.11,3441.24,2002,3091
10/08/2020,06:59,3441.16,3441.49,3440.53,3440.53,1960,2573
10/08/2020,07:00,3440.49,3440.89,3439.74,3440.70,2583,2593
10/08/2020,07:01,3441.03,3443.17,3441.03,3442.37,3649,3541
10/08/2020,07:02,3442.33,3442.33,3439.95,3439.95,2741,3272
10/08/2020,07:03,3439.98,3440.40,3439.32,3439.32,2824,2719
10/08/2020,07:04,3439.23,3439.23,3432.84,3434.82,2924,5842
10/08/2020,07:05,3434.78,3435.79,3433.91,3435.72,3398,2001
10/08/2020,07:06,3435.78,3436.56,3435.15,3436.55,3192,1963
10/08/2020,07:07,3436.52,3437.86,3436.52,3436.61,11963,2776
10/08/2020,07:08,3436.64,3437.53,3436.64,3437.53,2729,2091
10/08/2020,07:09,3437.49,3438.69,3435.77,3435.77,3516,3499
10/08/2020,07:10,3435.82,3436.80,3435.76,3436.79,2410,1949
10/08/2020,07:11,3436.81,3438.32,3436.72,3438.28,2694,1594
10/08/2020,07:12,3438.25,3438.34,3436.93,3437.03,2113,2550
10/08/2020,07:13,3437.07,3438.21,3437.07,3437.99,3103,1413
10/08/2020,07:14,3437.93,3438.52,3437.28,3438.25,2287,2282
10/08/2020,07:15,3438.29,3438.32,3437.12,3437.12,2039,1847
10/08/2020,07:16,3437.00,3437.16,3436.06,3437.01,3752,2576
10/08/2020,07:17,3437.02,3439.68,3437.02,3439.11,6618,1382
10/08/2020,07:18,3439.06,3439.06,3436.50,3436.64,1811,4534
10/08/2020,07:19,3436.62,3437.32,3436.61,3436.92,2622,2740
10/08/2020,07:20,3436.98,3437.62,3436.18,3436.92,3133,2601
10/08/2020,07:21,3436.95,3438.46,3436.66,3436.70,4782,3890
10/08/2020,07:22,3436.75,3438.16,3436.75,3438.16,2478,2961
10/08/2020,07:23,3438.17,3439.29,3438.17,3439.26,2432,2868
10/08/2020,07:24,3439.27,3439.27,3438.00,3438.62,2806,4498
10/08/2020,07:25,3438.60,3438.77,3437.51,3438.28,2661,3200
10/08/2020,07:26,3438.30,3438.43,3434.20,3434.20,2352,5240
10/08/2020,07:27,3434.47,3435.24,3434.08,3435.08,3288,2464
10/08/2020,07:28,3434.98,3435.39,3434.60,3435.32,2284,3189
10/08/2020,07:29,3435.36,3435.61,3434.47,3435.50,2859,2641
10/08/2020,07:30,3435.65,3437.05,3435.51,3436.68,3071,1791
10/08/2020,07:31,3436.80,3437.62,3436.80,3437.57,2655,2610
10/08/2020,07:32,3437.58,3438.30,3437.34,3438.30,3752,2357
10/08/2020,07:33,3438.31,3440.83,3438.31,3440.83,4008,1470
10/08/2020,07:34,3440.95,3442.69,3440.95,3442.60,4139,3877
10/08/2020,07:35,3442.61,3442.61,3441.93,3442.45,3247,2220
10/08/2020,07:36,3442.53,3443.10,3442.29,3442.92,2956,2095
10/08/2020,07:37,3442.95,3442.97,3442.44,3442.63,3524,2812
10/08/2020,07:38,3442.61,3443.53,3442.54,3443.39,4039,2130
10/08/2020,07:39,3443.36,3443.36,3442.15,3442.18,1811,3539
10/08/2020,07:40,3442.21,3442.73,3442.14,3442.73,3652,1874
10/08/2020,07:41,3442.78,3443.33,3442.18,3442.23,2021,2329
10/08/2020,07:42,3442.27,3442.39,3441.70,3441.92,1798,2594
10/08/2020,07:43,3441.94,3441.95,3441.19,3441.19,2287,3649
10/08/2020,07:44,3441.15,3441.15,3440.53,3440.58,2168,2412
10/08/2020,07:45,3440.53,3440.53,3439.71,3439.73,1749,3143
10/08/2020,07:46,3439.75,3441.24,3439.71,3440.79,2587,1821
10/08/2020,07:47,3440.75,3440.75,3440.19,3440.51,2350,2336
10/08/2020,07:48,3440.51,3440.61,3439.80,3440.14,2150,1778
10/08/2020,07:49,3440.15,3440.83,3440.14,3440.44,2386,2038
10/08/2020,07:50,3440.43,3441.04,3440.43,3441.04,1929,1760
10/08/2020,07:51,3441.05,3444.45,3441.05,3444.37,3618,2545
10/08/2020,07:52,3444.31,3444.31,3442.82,3443.04,1867,3000
10/08/2020,07:53,3443.06,3443.19,3442.69,3442.94,1790,1937
10/08/2020,07:54,3442.89,3443.01,3441.88,3441.88,1828,2446
10/08/2020,07:55,3441.80,3441.86,3438.25,3438.40,2441,3709
10/08/2020,07:56,3438.37,3439.51,3438.37,3439.05,1657,1847
10/08/2020,07:57,3439.08,3439.77,3439.08,3439.77,2115,1587
10/08/2020,07:58,3439.79,3440.22,3439.45,3439.45,2105,1814
10/08/2020,07:59,3439.24,3439.73,3438.31,3439.45,3293,1219
10/08/2020,08:00,3439.39,3439.72,3439.37,3439.64,2437,1646
10/08/2020,08:01,3439.14,3440.73,3437.73,3439.33,4014,3010
10/08/2020,08:02,3439.32,3440.27,3438.79,3439.24,1971,2254
10/08/2020,08:03,3439.24,3439.84,3439.12,3439.12,1533,2605
10/08/2020,08:04,3439.10,3439.80,3439.10,3439.62,2157,1775
10/08/2020,08:05,3439.68,3440.81,3439.68,3440.54,2358,1850
10/08/2020,08:06,3440.51,3442.31,3440.51,3442.20,3361,1375
10/08/2020,08:07,3442.11,3442.58,3441.25,3441.28,1997,2774
10/08/2020,08:08,3441.28,3442.46,3441.28,3442.18,2589,986
10/08/2020,08:09,3442.12,3442.18,3441.26,3441.26,1115,2654
10/08/2020,08:10,3441.21,3441.43,3440.98,3441.13,2417,1911
10/08/2020,08:11,3441.15,3441.44,3440.78,3441.44,2245,1876
10/08/2020,08:12,3441.28,3441.47,3440.45,3440.89,1553,2147
10/08/2020,08:13,3440.90,3442.34,3440.80,3442.24,2370,1269
10/08/2020,08:14,3442.24,3442.55,3441.80,3441.80,1274,2374
10/08/2020,08:15,3441.81,3442.64,3441.47,3442.63,2597,1655
10/08/2020,08:16,3442.57,3443.55,3442.34,3443.51,2224,2051
10/08/2020,08:17,3443.50,3443.69,3443.30,3443.69,1451,1809
10/08/2020,08:18,3443.70,3443.90,3442.91,3442.91,1081,2184
10/08/2020,08:19,3442.96,3443.00,3442.38,3442.55,1269,3451
10/08/2020,08:20,3442.57,3442.62,3441.55,3441.55,1268,3133
10/08/2020,08:21,3441.51,3443.13,3437.78,3438.51,3729,7718
10/08/2020,08:22,3438.54,3438.85,3436.88,3437.61,4547,4569
10/08/2020,08:23,3437.57,3438.53,3437.27,3438.22,2790,2789
10/08/2020,08:24,3438.36,3438.83,3437.58,3438.27,2194,2490
10/08/2020,08:25,3438.31,3439.23,3438.31,3439.14,4156,2455
10/08/2020,08:26,3439.15,3439.15,3437.36,3437.36,2592,2715
10/08/2020,08:27,3437.37,3437.55,3436.56,3436.56,1775,3740
10/08/2020,08:28,3436.55,3437.45,3436.46,3437.28,3931,5040
10/08/2020,08:29,3437.20,3437.20,3435.73,3435.91,2833,3763
10/08/2020,08:30,3436.00,3437.00,3435.77,3436.09,2845,3634
10/08/2020,08:31,3436.05,3436.55,3435.44,3436.29,3439,2060
10/08/2020,08:32,3436.14,3436.14,3434.10,3434.12,1504,5351
10/08/2020,08:33,3434.12,3434.21,3432.39,3432.39,1372,4075
10/08/2020,08:34,3432.37,3432.37,3429.28,3429.84,2440,6040
10/08/2020,08:35,3429.84,3429.84,3428.15,3429.36,4313,3992
10/08/2020,08:36,3429.42,3430.61,3429.42,3430.59,4165,2303
10/08/2020,08:37,3430.63,3432.45,3430.63,3432.42,3701,1664
10/08/2020,08:38,3432.43,3433.45,3431.76,3433.45,4595,2544
10/08/2020,08:39,3433.47,3436.94,3433.47,3436.63,4828,2640
10/08/2020,08:40,3436.62,3436.89,3436.39,3436.84,2803,1969
10/08/2020,08:41,3436.81,3437.89,3436.63,3437.89,3553,1482
10/08/2020,08:42,3437.94,3438.01,3437.54,3437.55,2472,2579
10/08/2020,08:43,3437.53,3437.54,3436.58,3436.80,1395,3894
10/08/2020,08:44,3436.81,3437.68,3436.66,3437.45,2857,1704
10/08/2020,08:45,3437.47,3437.96,3437.07,3437.20,1947,3194
10/08/2020,08:46,3437.17,3437.66,3436.98,3437.10,1696,2137
10/08/2020,08:47,3437.10,3437.57,3436.95,3437.54,2422,1326
10/08/2020,08:48,3437.51,3437.51,3436.66,3436.66,1137,1895
10/08/2020,08:49,3436.65,3436.68,3436.11,3436.28,1418,2725
10/08/2020,08:50,3436.27,3436.27,3434.87,3436.08,1390,2553
10/08/2020,08:51,3436.05,3436.05,3434.65,3434.72,1309,2087
10/08/2020,08:52,3434.74,3435.34,3434.56,3434.56,1658,2008
10/08/2020,08:53,3434.59,3434.59,3433.74,3434.32,1571,2103
10/08/2020,08:54,3434.42,3434.99,3434.20,3434.20,1317,1551
10/08/2020,08:55,3434.24,3434.28,3432.88,3432.88,1471,2134
10/08/2020,08:56,3432.87,3433.80,3432.87,3433.48,1431,1385
10/08/2020,08:57,3433.45,3433.79,3433.05,3433.79,1748,1595
10/08/2020,08:58,3433.80,3434.96,3433.76,3434.96,2648,1026
10/08/2020,08:59,3435.12,3435.50,3434.58,3434.63,2041,3008
10/08/2020,09:00,3434.57,3434.62,3433.66,3433.66,1225,2902
10/08/2020,09:01,3433.64,3435.11,3433.48,3433.82,2807,1652
10/08/2020,09:02,3433.83,3434.56,3433.83,3434.46,2188,1846
10/08/2020,09:03,3434.71,3435.66,3434.71,3435.38,2313,1928
10/08/2020,09:04,3435.36,3435.91,3435.36,3435.66,1717,1535
10/08/2020,09:05,3436.00,3436.56,3436.00,3436.29,1878,1085
10/08/2020,09:06,3436.29,3437.20,3436.28,3437.01,2195,1858
10/08/2020,09:07,3437.03,3437.73,3436.64,3437.73,2096,1311
10/08/2020,09:08,3437.84,3440.75,3437.84,3440.71,4387,2018
10/08/2020,09:09,3440.69,3441.13,3440.49,3440.95,2234,1901
10/08/2020,09:10,3440.94,3440.94,3440.28,3440.34,1357,2596
10/08/2020,09:11,3440.27,3440.36,3439.50,3439.50,1568,2566
10/08/2020,09:12,3439.50,3439.91,3439.50,3439.91,1724,1049
10/08/2020,09:13,3439.92,3440.22,3439.48,3439.48,1791,3031
10/08/2020,09:14,3439.50,3439.69,3439.37,3439.54,1893,1483
10/08/2020,09:15,3439.49,3440.56,3439.49,3440.56,2583,1139
10/08/2020,09:16,3440.52,3440.66,3439.80,3439.80,1797,1702
10/08/2020,09:17,3439.65,3440.08,3439.63,3439.79,1444,1795
10/08/2020,09:18,3439.76,3439.76,3439.16,3439.65,1392,2514
10/08/2020,09:19,3439.76,3440.82,3439.76,3440.39,1951,1377
10/08/2020,09:20,3440.37,3440.37,3439.86,3440.14,932,1397
10/08/2020,09:21,3440.21,3440.30,3439.20,3439.51,1130,1665
10/08/2020,09:22,3439.52,3439.71,3439.27,3439.34,974,1222
10/08/2020,09:23,3439.38,3440.23,3439.37,3440.23,2135,1489
10/08/2020,09:24,3440.24,3440.59,3440.16,3440.57,1858,1544
10/08/2020,09:25,3440.53,3441.94,3440.50,3441.94,1693,1292
10/08/2020,09:26,3441.89,3442.05,3441.63,3441.65,1716,1874
10/08/2020,09:27,3441.62,3442.39,3441.51,3442.33,1748,1789
10/08/2020,09:28,3442.34,3442.48,3441.98,3442.37,2010,1344
10/08/2020,09:29,3442.40,3442.44,3441.73,3441.90,1348,1528
10/08/2020,09:30,3441.91,3441.91,3441.54,3441.82,1181,1727
10/08/2020,09:31,3441.81,3442.26,3441.78,3442.12,1938,1564
10/08/2020,09:32,3442.09,3442.69,3442.09,3442.59,1243,1162
10/08/2020,09:33,3442.58,3443.20,3442.42,3443.20,1708,978
10/08/2020,09:34,3443.25,3443.25,3442.90,3442.91,1086,1335
10/08/2020,09:35,3442.89,3442.91,3442.49,3442.91,1299,1143
10/08/2020,09:36,3442.91,3443.00,3442.73,3442.73,1934,1818
10/08/2020,09:37,3442.72,3442.95,3442.21,3442.95,1264,1960
10/08/2020,09:38,3442.85,3443.02,3442.69,3442.79,1310,1184
10/08/2020,09:39,3442.79,3442.97,3442.73,3442.93,1235,1424
10/08/2020,09:40,3442.94,3443.26,3442.91,3443.24,1392,1277
10/08/2020,09:41,3443.24,3443.42,3442.80,3442.80,1604,2429
10/08/2020,09:42,3442.73,3443.14,3442.63,3443.12,2017,1144
10/08/2020,09:43,3443.13,3443.41,3442.62,3442.62,1029,2051
10/08/2020,09:44,3442.64,3443.11,3442.64,3443.08,1516,753
10/08/2020,09:45,3443.08,3443.26,3441.53,3441.74,1553,2489
10/08/2020,09:46,3441.75,3442.70,3441.61,3441.86,1452,1517
10/08/2020,09:47,3441.86,3443.64,3441.86,3443.38,2721,653
10/08/2020,09:48,3443.35,3443.35,3442.75,3443.20,1571,1855
10/08/2020,09:49,3443.21,3443.47,3442.97,3443.00,860,1364
10/08/2020,09:50,3442.96,3442.96,3442.58,3442.59,991,1262
10/08/2020,09:51,3442.68,3443.06,3442.58,3442.89,1554,1006
10/08/2020,09:52,3442.88,3442.88,3442.44,3442.61,965,1120
10/08/2020,09:53,3442.59,3442.85,3442.56,3442.56,1020,1249
10/08/2020,09:54,3442.58,3442.70,3442.21,3442.21,1204,1558
10/08/2020,09:55,3442.20,3442.20,3441.94,3442.12,912,1525
10/08/2020,09:56,3442.12,3442.67,3441.96,3442.48,1118,1199
10/08/2020,09:57,3442.52,3442.52,3440.30,3440.30,804,2296
10/08/2020,09:58,3440.27,3440.71,3439.99,3440.47,1320,1390
10/08/2020,09:59,3440.49,3441.33,3440.49,3441.19,1589,743
10/08/2020,10:00,3441.20,3442.57,3441.20,3442.15,1030,2272
10/08/2020,10:01,3442.24,3442.66,3442.24,3442.43,930,1192
10/08/2020,10:02,3442.45,3442.54,3442.03,3442.26,888,1676
10/08/2020,10:03,3442.27,3442.27,3441.66,3441.69,648,1429
10/08/2020,10:04,3441.68,3442.40,3441.68,3442.08,1756,1057
10/08/2020,10:05,3442.08,3442.20,3441.26,3441.65,1087,1634
10/08/2020,10:06,3441.64,3441.78,3441.22,3441.78,1426,1083
10/08/2020,10:07,3441.78,3441.92,3441.02,3441.02,1216,1429
10/08/2020,10:08,3441.04,3441.08,3440.71,3440.80,937,1096
10/08/2020,10:09,3440.87,3441.13,3440.62,3441.13,1250,791
10/08/2020,10:10,3441.17,3441.79,3441.17,3441.37,1566,1004
10/08/2020,10:11,3441.36,3441.65,3441.00,3441.32,1154,1387
10/08/2020,10:12,3441.32,3441.33,3440.58,3440.73,918,1532
10/08/2020,10:13,3440.72,3440.72,3440.18,3440.22,1073,1667
10/08/2020,10:14,3440.21,3440.32,3439.99,3440.19,1168,1577
10/08/2020,10:15,3440.20,3441.07,3440.13,3441.04,1358,1106
10/08/2020,10:16,3441.06,3441.13,3440.76,3441.01,1114,1594
10/08/2020,10:17,3441.01,3441.01,3440.10,3440.10,759,1564
10/08/2020,10:18,3440.10,3440.12,3439.56,3439.74,954,1968
10/08/2020,10:19,3439.72,3439.75,3439.37,3439.61,1208,1208
10/08/2020,10:20,3439.57,3439.92,3439.34,3439.40,1057,1642
10/08/2020,10:21,3439.39,3439.68,3439.25,3439.65,1687,1120
10/08/2020,10:22,3439.64,3440.03,3439.64,3439.98,962,1051
10/08/2020,10:23,3439.98,3440.19,3439.44,3439.50,1064,2239
10/08/2020,10:24,3439.49,3439.66,3439.21,3439.25,881,1001
10/08/2020,10:25,3439.22,3439.22,3437.76,3437.76,675,2060
10/08/2020,10:26,3437.77,3438.37,3437.72,3437.83,1010,1647
10/08/2020,10:27,3437.83,3438.58,3437.83,3438.33,1067,1877
10/08/2020,10:28,3438.34,3438.96,3438.04,3438.67,1268,1193
10/08/2020,10:29,3438.68,3439.63,3438.56,3439.54,1813,959
10/08/2020,10:30,3439.53,3439.53,3439.17,3439.35,1264,1248
10/08/2020,10:31,3439.36,3439.63,3439.09,3439.53,986,1474
10/08/2020,10:32,3439.54,3439.82,3439.52,3439.66,1367,1167
10/08/2020,10:33,3439.69,3440.41,3439.69,3440.41,2433,1014
10/08/2020,10:34,3440.43,3440.78,3440.43,3440.48,1443,1336
10/08/2020,10:35,3440.48,3440.48,3439.02,3439.10,1118,2064
10/08/2020,10:36,3439.07,3439.72,3438.93,3439.67,1662,945
10/08/2020,10:37,3439.74,3440.09,3439.74,3439.89,1316,1142
10/08/2020,10:38,3439.86,3440.19,3439.71,3440.14,1575,1082
10/08/2020,10:39,3440.18,3440.21,3439.47,3439.94,1123,1578
10/08/2020,10:40,3439.94,3440.73,3439.94,3440.31,2495,1761
10/08/2020,10:41,3440.33,3440.56,3440.05,3440.26,1496,1918
10/08/2020,10:42,3440.26,3440.26,3439.80,3440.05,1459,1542
10/08/2020,10:43,3440.01,3441.28,3440.00,3441.10,2344,1001
10/08/2020,10:44,3441.06,3441.06,3440.12,3440.12,994,1496
10/08/2020,10:45,3440.14,3441.15,3439.59,3441.12,2161,1133
10/08/2020,10:46,3441.08,3441.08,3440.19,3440.45,1116,1515
10/08/2020,10:47,3440.47,3440.50,3440.15,3440.21,1047,1577
10/08/2020,10:48,3440.21,3440.30,3440.12,3440.15,1378,1379
10/08/2020,10:49,3440.08,3440.08,3438.86,3439.70,1137,2852
10/08/2020,10:50,3439.71,3440.36,3439.67,3440.36,1747,778
10/08/2020,10:51,3440.37,3440.53,3440.10,3440.53,1172,950
10/08/2020,10:52,3440.55,3440.79,3440.54,3440.76,1262,996
10/08/2020,10:53,3440.78,3441.25,3440.75,3441.24,1105,892
10/08/2020,10:54,3441.26,3441.45,3441.26,3441.32,1268,898
10/08/2020,10:55,3441.27,3441.38,3441.09,3441.16,2283,1815
10/08/2020,10:56,3441.06,3441.06,3440.18,3440.27,1206,2116
10/08/2020,10:57,3440.28,3440.57,3439.70,3439.82,1300,1176
10/08/2020,10:58,3439.80,3439.80,3439.27,3439.27,1099,1615
10/08/2020,10:59,3439.17,3439.17,3438.34,3438.93,1735,1199
10/08/2020,11:00,3438.91,3438.96,3438.06,3438.06,1102,2044
10/08/2020,11:01,3438.07,3438.37,3437.48,3438.17,2432,1733
10/08/2020,11:02,3438.18,3439.07,3437.77,3437.77,1989,2267
10/08/2020,11:03,3437.67,3438.24,3437.47,3438.06,1576,1017
10/08/2020,11:04,3437.97,3437.97,3437.37,3437.85,1123,1518
10/08/2020,11:05,3437.88,3438.22,3437.78,3438.21,1124,1739
10/08/2020,11:06,3438.23,3439.24,3438.05,3439.24,1981,905
10/08/2020,11:07,3439.28,3439.94,3439.20,3439.94,1688,1597
10/08/2020,11:08,3440.01,3441.21,3439.94,3441.21,2299,1639
10/08/2020,11:09,3441.24,3442.52,3441.15,3442.46,3160,919
10/08/2020,11:10,3442.47,3443.03,3442.39,3442.96,1785,1371
10/08/2020,11:11,3442.99,3443.16,3442.56,3442.67,1363,1557
10/08/2020,11:12,3442.67,3442.70,3442.50,3442.68,1629,1529
10/08/2020,11:13,3442.73,3442.93,3442.46,3442.91,1431,1348
10/08/2020,11:14,3442.92,3442.95,3442.22,3442.33,986,1797
10/08/2020,11:15,3442.32,3442.33,3441.84,3442.01,805,1309
10/08/2020,11:16,3441.97,3442.59,3441.96,3442.59,1624,1098
10/08/2020,11:17,3442.59,3442.91,3442.39,3442.91,1455,921
10/08/2020,11:18,3442.97,3443.42,3442.97,3443.25,1460,1326
10/08/2020,11:19,3443.21,3443.23,3442.83,3443.23,1306,1320
10/08/2020,11:20,3443.24,3443.25,3442.67,3442.73,1103,1447
10/08/2020,11:21,3442.74,3442.96,3442.35,3442.78,1255,1315
10/08/2020,11:22,3442.78,3444.08,3442.72,3444.08,3461,674
10/08/2020,11:23,3444.07,3444.15,3443.76,3443.76,1588,2514
10/08/2020,11:24,3443.74,3443.92,3443.66,3443.67,877,1409
10/08/2020,11:25,3443.70,3444.08,3443.70,3443.76,1265,973
10/08/2020,11:26,3443.75,3443.79,3443.10,3443.25,1041,1459
10/08/2020,11:27,3443.23,3443.23,3442.82,3442.84,693,2161
10/08/2020,11:28,3442.82,3442.82,3442.33,3442.69,1253,1528
10/08/2020,11:29,3442.71,3442.73,3442.30,3442.46,1031,1551
10/08/2020,11:30,3442.47,3442.52,3442.20,3442.48,1076,1144
10/08/2020,11:31,3442.47,3442.89,3442.47,3442.67,1316,1766
10/08/2020,11:32,3442.66,3443.16,3442.28,3443.15,1219,1599
10/08/2020,11:33,3443.13,3443.25,3442.99,3442.99,1280,1521
10/08/2020,11:34,3442.95,3443.78,3442.95,3443.76,1804,767
10/08/2020,11:35,3443.77,3444.40,3443.75,3443.81,1910,1578
10/08/2020,11:36,3443.80,3443.82,3442.41,3442.76,1182,2282
10/08/2020,11:37,3442.70,3443.35,3442.70,3442.93,1329,1438
10/08/2020,11:38,3442.95,3443.16,3442.85,3443.15,1112,779
10/08/2020,11:39,3443.13,3443.57,3443.10,3443.56,1324,855
10/08/2020,11:40,3443.57,3444.53,3443.57,3444.53,2167,1502
10/08/2020,11:41,3444.52,3444.52,3443.72,3443.81,1040,2031
10/08/2020,11:42,3443.77,3444.05,3443.77,3443.89,2770,1048
10/08/2020,11:43,3443.90,3444.25,3443.50,3443.93,1528,1261
10/08/2020,11:44,3443.97,3444.56,3443.97,3444.30,1410,1841
10/08/2020,11:45,3444.33,3444.61,3444.02,3444.61,1283,1966
10/08/2020,11:46,3444.59,3445.34,3444.17,3445.20,2713,1472
10/08/2020,11:47,3445.21,3445.40,3444.98,3445.23,1817,1758
10/08/2020,11:48,3445.22,3445.22,3444.20,3444.20,1111,2601
10/08/2020,11:49,3444.06,3444.28,3443.41,3444.25,1538,1923
10/08/2020,11:50,3444.20,3444.63,3444.15,3444.63,1402,872
10/08/2020,11:51,3444.67,3444.67,3443.74,3443.75,1129,1947
10/08/2020,11:52,3443.79,3444.31,3443.71,3444.26,1972,1499
10/08/2020,11:53,3444.23,3444.24,3443.49,3443.50,1120,1625
10/08/2020,11:54,3443.51,3444.20,3443.47,3444.05,1961,1243
10/08/2020,11:55,3444.05,3444.11,3442.96,3443.03,1168,2014
10/08/2020,11:56,3443.01,3443.26,3442.89,3443.06,2191,1394
10/08/2020,11:57,3443.03,3444.38,3443.02,3443.98,3153,1190
10/08/2020,11:58,3443.97,3443.97,3443.72,3443.84,1738,1836
10/08/2020,11:59,3443.86,3443.93,3443.56,3443.93,1814,1076
10/08/2020,12:00,3443.99,3444.75,3443.76,3444.00,1632,3001
10/08/2020,12:01,3444.01,3444.62,3443.79,3443.81,1534,2067
10/08/2020,12:02,3443.71,3443.73,3440.14,3440.71,2288,3326
10/08/2020,12:03,3440.72,3441.82,3439.57,3441.72,2728,2962
10/08/2020,12:04,3441.74,3441.93,3441.03,3441.93,1308,1410
10/08/2020,12:05,3441.92,3442.02,3441.47,3441.62,973,1624
10/08/2020,12:06,3441.61,3441.85,3441.13,3441.76,1299,1603
10/08/2020,12:07,3441.76,3442.40,3441.74,3441.89,1771,1450
10/08/2020,12:08,3441.83,3441.91,3441.61,3441.66,1664,1384
10/08/2020,12:09,3441.66,3442.13,3441.58,3442.07,2073,1293
10/08/2020,12:10,3442.10,3442.10,3441.61,3441.87,1629,1706
10/08/2020,12:11,3441.86,3442.96,3441.81,3442.67,2831,2363
10/08/2020,12:12,3442.66,3443.77,3442.38,3443.77,2222,1705
10/08/2020,12:13,3443.75,3445.68,3443.75,3445.68,4281,1537
10/08/2020,12:14,3445.90,3445.90,3445.05,3445.05,1783,2547
10/08/2020,12:15,3445.03,3445.03,3444.09,3444.12,930,2719
10/08/2020,12:16,3444.11,3444.25,3443.73,3443.73,1124,1621
10/08/2020,12:17,3443.70,3444.23,3442.28,3442.31,1804,2819
10/08/2020,12:18,3442.30,3443.66,3441.66,3443.53,3027,1374
10/08/2020,12:19,3443.51,3443.51,3442.53,3442.73,1005,2121
10/08/2020,12:20,3442.74,3443.60,3442.67,3443.44,1902,1821
10/08/2020,12:21,3443.43,3443.51,3442.52,3442.65,2207,2737
10/08/2020,12:22,3442.65,3443.59,3442.25,3443.59,2582,1517
10/08/2020,12:23,3443.62,3443.91,3443.09,3443.86,1642,1890
10/08/2020,12:24,3443.85,3444.57,3443.85,3444.49,1813,1796
10/08/2020,12:25,3444.48,3444.49,3443.57,3443.79,1543,2128
10/08/2020,12:26,3443.81,3444.17,3443.36,3444.12,1800,2343
10/08/2020,12:27,3444.11,3444.81,3444.06,3444.81,2430,1708
10/08/2020,12:28,3444.82,3445.29,3444.75,3445.25,2749,2783
10/08/2020,12:29,3445.12,3445.12,3444.61,3445.08,1737,2723
10/08/2020,12:30,3445.09,3445.32,3444.80,3444.99,2017,2264
10/08/2020,12:31,3445.13,3445.50,3444.96,3445.44,2327,3022
10/08/2020,12:32,3445.45,3445.62,3444.64,3445.56,2174,2298
10/08/2020,12:33,3445.87,3445.87,3445.23,3445.26,1598,3159
10/08/2020,12:34,3445.23,3445.71,3445.23,3445.38,2505,2232
10/08/2020,12:35,3445.38,3445.61,3445.20,3445.21,1990,1800
10/08/2020,12:36,3445.22,3445.64,3444.30,3444.40,2564,3075
10/08/2020,12:37,3444.38,3445.26,3444.38,3444.90,2570,2587
10/08/2020,12:38,3444.94,3445.72,3444.68,3445.19,2952,2806
10/08/2020,12:39,3445.20,3445.63,3445.20,3445.33,2089,2434
10/08/2020,12:40,3445.31,3445.31,3444.76,3444.76,1893,2975
10/08/2020,12:41,3444.82,3444.88,3444.13,3444.22,2534,2780
10/08/2020,12:42,3444.23,3444.23,3443.71,3443.82,2190,2734
10/08/2020,12:43,3443.82,3444.20,3443.38,3443.53,2633,2951
10/08/2020,12:44,3443.52,3444.62,3443.52,3444.62,3527,2218
10/08/2020,12:45,3444.64,3445.37,3444.12,3444.70,2783,3514
10/08/2020,12:46,3444.72,3445.45,3444.72,3445.37,3991,3118
10/08/2020,12:47,3445.38,3445.40,3444.49,3444.97,3454,3661
10/08/2020,12:48,3444.95,3444.95,3444.04,3444.30,2529,4897
10/08/2020,12:49,3444.40,3444.73,3443.91,3444.12,3147,3839
10/08/2020,12:50,3444.10,3444.67,3443.52,3444.26,3812,4195
10/08/2020,12:51,3444.21,3445.10,3443.09,3444.93,5074,8273
10/08/2020,12:52,3444.90,3445.63,3444.48,3444.75,2782,7175
10/08/2020,12:53,3444.73,3445.62,3444.67,3444.87,4214,5128
10/08/2020,12:54,3444.86,3445.56,3444.38,3444.58,3926,8030
10/08/2020,12:55,3444.57,3445.87,3444.38,3445.72,6831,4700
10/08/2020,12:56,3445.79,3446.77,3444.95,3446.72,10009,6759
10/08/2020,12:57,3446.68,3446.75,3446.07,3446.07,4413,9886
10/08/2020,12:58,3446.07,3446.07,3445.25,3445.77,10542,6962
10/08/2020,12:59,3445.94,3445.96,3445.03,3445.06,7038,13604
10/08/2020,13:00,3445.09,3447.28,3445.09,3446.83,63696,199877
10/09/2020,06:31,3459.67,3464.78,3459.67,3464.31,60711,15711
10/09/2020,06:32,3464.36,3464.98,3464.25,3464.98,6164,6844
10/09/2020,06:33,3465.02,3465.42,3464.49,3465.42,5580,5107
10/09/2020,06:34,3465.47,3468.07,3465.38,3468.03,8463,3241
10/09/2020,06:35,3467.80,3468.39,3467.31,3468.32,4366,5622
10/09/2020,06:36,3468.44,3469.05,3467.08,3467.15,5289,6416
10/09/2020,06:37,3467.43,3467.43,3465.93,3466.00,5266,5541
10/09/2020,06:38,3465.98,3466.35,3465.69,3465.99,3709,4741
10/09/2020,06:39,3466.03,3466.37,3465.69,3465.98,5012,4313
10/09/2020,06:40,3465.88,3466.32,3464.85,3464.96,4186,6394
10/09/2020,06:41,3464.99,3465.70,3464.87,3465.45,3591,4280
10/09/2020,06:42,3465.51,3466.57,3465.36,3466.41,4417,3635
10/09/2020,06:43,3466.38,3466.61,3466.27,3466.51,3670,4443
10/09/2020,06:44,3466.58,3467.40,3466.58,3467.10,4806,4342
10/09/2020,06:45,3467.09,3467.31,3466.23,3466.31,3117,5419
10/09/2020,06:46,3466.29,3466.74,3465.79,3466.03,3570,3830
10/09/2020,06:47,3466.06,3466.08,3462.62,3463.37,3610,6824
10/09/2020,06:48,3463.57,3465.17,3463.57,3464.52,3711,4678
10/09/2020,06:49,3464.42,3465.33,3464.42,3464.56,3843,4220
10/09/2020,06:50,3464.55,3465.57,3464.55,3465.57,3472,2860
10/09/2020,06:51,3465.56,3465.66,3464.78,3464.95,3197,4079
10/09/2020,06:52,3464.92,3465.11,3463.90,3463.90,2254,5102
10/09/2020,06:53,3463.98,3466.53,3463.96,3465.84,4952,3027
10/09/2020,06:54,3465.91,3466.06,3461.46,3461.66,2609,8102
10/09/2020,06:55,3461.60,3464.47,3460.90,3464.47,6344,2636
10/09/2020,06:56,3464.50,3464.87,3464.00,3464.81,4074,3011
10/09/2020,06:57,3464.87,3465.03,3464.62,3464.86,2977,2858
10/09/2020,06:58,3464.82,3465.14,3463.92,3464.06,2496,3790
10/09/2020,06:59,3463.90,3463.98,3463.61,3463.82,2633,3805
10/09/2020,07:00,3463.80,3464.87,3463.80,3464.79,3210,2086
10/09/2020,07:01,3464.90,3465.33,3463.42,3463.69,2901,4381
10/09/2020,07:02,3463.68,3464.19,3463.33,3463.77,3567,3350
10/09/2020,07:03,3463.60,3464.40,3463.60,3464.07,2677,3154
10/09/2020,07:04,3464.09,3466.06,3464.09,3466.06,3748,1888
10/09/2020,07:05,3465.80,3465.87,3464.90,3465.39,2816,2860
10/09/2020,07:06,3465.33,3465.33,3463.78,3463.78,1923,4235
10/09/2020,07:07,3463.49,3463.73,3462.99,3463.50,3027,2439
10/09/2020,07:08,3463.44,3463.45,3461.70,3461.70,1789,3855
10/09/2020,07:09,3461.72,3462.51,3461.13,3462.51,3901,2148
10/09/2020,07:10,3462.52,3463.03,3461.35,3461.35,2244,4146
10/09/2020,07:11,3461.36,3461.94,3460.76,3461.75,3616,2997
10/09/2020,07:12,3461.77,3461.95,3460.03,3460.47,2568,3240
10/09/2020,07:13,3460.45,3461.37,3459.64,3459.83,2906,2801
10/09/2020,07:14,3459.70,3459.81,3458.60,3459.34,2503,2948
10/09/2020,07:15,3459.34,3460.49,3459.34,3460.37,3403,1978
10/09/2020,07:16,3460.29,3462.15,3460.02,3462.05,3869,2479
10/09/2020,07:17,3461.92,3463.02,3461.92,3462.91,2427,1992
10/09/2020,07:18,3462.90,3463.66,3462.21,3462.22,2203,2519
10/09/2020,07:19,3462.28,3462.28,3461.56,3461.68,1985,2771
10/09/2020,07:20,3461.71,3462.78,3461.55,3462.09,2762,3004
10/09/2020,07:21,3462.19,3462.35,3460.74,3461.27,2145,3843
10/09/2020,07:22,3461.20,3461.55,3460.88,3460.89,2518,2653
10/09/2020,07:23,3460.92,3461.50,3460.51,3460.53,2010,3650
10/09/2020,07:24,3460.42,3460.90,3460.04,3460.26,2012,3100
10/09/2020,07:25,3460.25,3461.03,3460.25,3460.88,2882,3571
10/09/2020,07:26,3460.89,3461.00,3459.77,3459.82,2115,3828
10/09/2020,07:27,3459.78,3459.92,3458.88,3458.88,1789,3632
10/09/2020,07:28,3458.82,3459.47,3458.35,3458.35,2421,3164
10/09/2020,07:29,3458.33,3459.78,3458.07,3459.22,2335,4586
10/09/2020,07:30,3459.26,3459.41,3459.00,3459.19,3283,2750
10/09/2020,07:31,3459.23,3460.29,3459.16,3460.17,3142,2442
10/09/2020,07:32,3460.22,3460.56,3459.83,3460.43,3043,2334
10/09/2020,07:33,3460.39,3460.47,3459.71,3459.77,2426,3400
10/09/2020,07:34,3459.71,3460.56,3459.70,3460.48,2966,2293
10/09/2020,07:35,3460.46,3460.77,3459.42,3459.70,2059,2757
10/09/2020,07:36,3459.71,3461.27,3459.65,3461.06,3573,2356
10/09/2020,07:37,3461.03,3461.53,3460.77,3461.49,2929,1638
10/09/2020,07:38,3461.47,3462.34,3461.47,3462.11,1852,2594
10/09/2020,07:39,3462.08,3462.65,3462.08,3462.61,2539,2114
10/09/2020,07:40,3462.58,3463.40,3462.58,3462.85,2339,2331
10/09/2020,07:41,3462.84,3463.05,3462.13,3462.13,1401,2579
10/09/2020,07:42,3461.98,3462.28,3461.78,3461.94,1819,2214
10/09/2020,07:43,3461.96,3463.06,3461.92,3463.06,2562,1438
10/09/2020,07:44,3463.03,3463.08,3462.00,3462.03,1290,2592
10/09/2020,07:45,3462.02,3462.57,3462.00,3462.57,2323,1741
10/09/2020,07:46,3462.53,3463.67,3462.42,3463.49,2628,1839
10/09/2020,07:47,3463.48,3463.75,3463.23,3463.75,2244,2126
10/09/2020,07:48,3463.72,3464.50,3463.61,3464.31,2144,1995
10/09/2020,07:49,3464.33,3465.21,3464.33,3465.13,3629,1676
10/09/2020,07:50,3465.08,3465.40,3464.96,3465.13,2441,2449
10/09/2020,07:51,3465.11,3465.23,3464.52,3464.84,2465,2817
10/09/2020,07:52,3464.86,3465.43,3464.64,3465.08,2189,1778
10/09/2020,07:53,3465.05,3465.48,3464.57,3465.07,2064,2006
10/09/2020,07:54,3465.04,3465.04,3464.37,3464.66,1448,2796
10/09/2020,07:55,3464.62,3464.64,3464.06,3464.39,1717,2046
10/09/2020,07:56,3464.41,3465.00,3464.37,3464.97,1829,1537
10/09/2020,07:57,3464.95,3465.57,3464.95,3465.10,1807,2243
10/09/2020,07:58,3465.08,3465.13,3464.73,3464.95,2610,2260
10/09/2020,07:59,3464.95,3464.95,3464.00,3464.07,2284,3101
10/09/2020,08:00,3464.07,3464.33,3463.81,3464.33,1853,2042
10/09/2020,08:01,3464.32,3465.42,3464.32,3465.29,2744,1661
10/09/2020,08:02,3465.28,3465.63,3464.81,3465.15,1459,2335
10/09/2020,08:03,3465.13,3465.57,3464.86,3465.53,2003,1381
10/09/2020,08:04,3465.71,3466.71,3465.69,3466.71,2730,1307
10/09/2020,08:05,3466.70,3467.58,3466.67,3467.55,1956,1508
10/09/2020,08:06,3467.57,3467.82,3467.39,3467.70,1730,2889
10/09/2020,08:07,3467.72,3469.12,3467.31,3469.06,3677,2200
10/09/2020,08:08,3468.98,3469.19,3468.55,3468.81,1562,2628
10/09/2020,08:09,3468.69,3468.84,3467.08,3467.34,1767,4039
10/09/2020,08:10,3467.37,3467.54,3466.52,3466.62,1391,2725
10/09/2020,08:11,3466.68,3467.77,3466.68,3467.57,2403,2031
10/09/2020,08:12,3467.55,3467.68,3466.65,3466.65,1098,2417
10/09/2020,08:13,3466.65,3467.25,3466.65,3467.19,1477,1784
10/09/2020,08:14,3467.18,3467.47,3466.66,3466.69,1091,2075
10/09/2020,08:15,3466.65,3467.12,3466.63,3467.11,1922,1168
10/09/2020,08:16,3467.08,3467.22,3466.75,3467.22,1739,2541
10/09/2020,08:17,3467.19,3467.21,3467.19,3467.21,55,72
